rid,DOS055_A375_24H:BRD-K40963620-001-01-4:5,DOS055_A549_24H:BRD-K40963620-001-01-4:5,DOS055_HT29_24H:BRD-K40963620-001-01-4:5,DOS055_MCF7_24H:BRD-K40963620-001-01-4:5,DOS055_PC3_24H:BRD-K40963620-001-01-4:5,DOSBIO001_A375_24H:BRD-K40963620:10.0478,DOSBIO001_A549_24H:BRD-K40963620:10.0478,DOSBIO001_HT29_24H:BRD-K40963620:10.0478,DOSBIO001_MCF7_24H:BRD-K40963620:10.0478,DOSBIO001_PC3_24H:BRD-K40963620:10.0478,DOSBIO001_NEU_24H:BRD-K40963620:10.0478,DOSBIO001_NPC_24H:BRD-K40963620:10.0478
5720,0.312299996614,-0.477499991655,-0.52802503109,-0.136043503881,-4.44619989395,0.663708686829,-0.10473357141,-0.474926829338,-0.381932586432,-0.254442155361,-0.487300008535,0.984697878361
466,-0.684249997139,-0.0129500031471,-0.578067004681,-1.41371440887,0.33805000782,-1.49328863621,-0.822492003441,0.216779515147,1.01074743271,0.512646555901,0.169399991632,-0.406961679459
6009,0.0342499986291,-0.201300024986,-1.30978989601,-0.990325033665,-0.684050023556,-0.524689674377,-1.32673728466,-0.499266088009,-1.36716878414,0.761097609997,0.087650001049,-0.547228038311
2309,-0.462049990892,-0.241149991751,-0.854959726334,-0.910156130791,-0.315050005913,-1.18402898312,-0.312483340502,-0.142126768827,1.24548828602,-0.379233002663,0.0929499864578,-0.139705985785
387,0.158950001001,-0.245749995112,-0.628202795982,-0.152657777071,-1.23795008659,0.0620999783278,-0.667915940285,-0.498148620129,-0.660585582256,-0.619855940342,0.0969499945641,-0.893429338932
3553,2.03460001945,1.75429999828,1.25373888016,1.01538491249,0.626800000668,2.47336053848,0.765406191349,0.558155059814,-0.131132692099,0.820736765862,0.0176500082016,1.16701352596
427,0.52120000124,1.41079998016,0.209829032421,0.18887783587,0.412849962711,-0.100424788892,1.77693474293,-0.216181457043,-0.614982366562,0.227414220572,-0.69319999218,0.269785523415
5898,0.519150018692,0.111349999905,1.54960560799,0.291447341442,0.683800041676,-0.190244197845,0.297660708427,-0.133528187871,0.175249785185,0.0690860450268,1.49465000629,-0.033854842186
23365,1.64094996452,-0.0575000047684,0.21403580904,0.927714943886,-0.0137500017881,0.598503291607,2.03845500946,-0.306646108627,0.151227995753,0.590114533901,0.0674499869347,0.469465136528
6657,0.325249969959,0.462199985981,0.952949643135,0.261181801558,1.59430003166,0.852890908718,-0.0404183268547,-0.449553996325,-0.823053836823,-0.554296731949,0.302049994469,0.0484133064747
5054,0.52144998312,0.0392500162125,0.408070355654,0.034267693758,-0.562799990177,-0.350687563419,1.25289154053,0.740080475807,-0.0987535119057,-0.595563948154,-0.277200013399,-3.51031970978
3108,0.00789999961853,-0.35719999671,-0.565239548683,-1.79948306084,0.472049981356,-0.570247173309,-0.464450329542,0.227994307876,0.974520802498,0.289972066879,-0.0919499993324,-0.197959944606
1950,0.166549995542,0.263249993324,0.742374420166,0.790819585323,0.520599961281,-1.56066739559,0.475810229778,-0.258434861898,-0.978022217751,-0.298425495625,0.599399983883,-0.667409777641
351,0.834550023079,-1.25020003319,-0.574984788895,0.694702506065,0.245350003242,-0.402052044868,1.0373415947,0.807711243629,-0.859710872173,0.683916270733,-0.137600004673,0.815538287163
4846,0.52889996767,1.03294992447,-0.142007768154,0.650774598122,0.702650010586,0.255055516958,0.35311076045,-0.316350638866,-0.809054136276,0.973190546036,-0.315449982882,-0.580835044384
1452,0.407299995422,-0.855199992657,-0.27250957489,-0.635876715183,0.397850006819,-0.208273008466,0.120525628328,1.2215294838,0.0813996195793,0.567374587059,0.720950007439,-0.212681904435
4776,0.642899990082,0.819049954414,0.875696897507,1.25848138332,0.926649987698,1.29152548313,1.15730011463,-0.0525174289942,-0.330654859543,-0.0301789101213,0.368699997663,0.601928591728
6908,-0.261349976063,-0.912599980831,-1.56297206879,-0.931812405586,0.792349934578,0.211831063032,-1.21899020672,-0.315229475498,-0.0306421965361,-0.56462264061,-0.311849951744,-0.727507948875
672,0.117450006306,-0.0552000105381,1.35309934616,-0.672305166721,-0.25569999218,-0.0576739981771,-0.705687880516,0.525297284126,1.25672125816,0.657640218735,0.61259996891,0.5896666646
5710,0.112900003791,-1.07504999638,-1.19718599319,-0.986687421799,0.415549993515,0.883271813393,0.429637789726,0.34450083971,0.217788055539,-0.199703902006,-0.686399996281,0.132755160332
2115,0.244900003076,1.20724999905,1.07941758633,0.770937204361,1.33045005798,-1.19998347759,0.626328110695,-0.14942394197,-0.257675051689,-0.695078790188,-0.287400007248,-0.148829400539
7015,0.391550004482,0.0413000136614,0.251828402281,0.582364797592,0.601499974728,1.12007653713,-0.137290969491,-0.549212694168,-0.459655195475,-0.871694564819,0.634500026703,0.541789531708
8726,0.371000021696,-0.266449987888,-0.835849046707,-0.855969190598,0.0888000130653,0.451186656952,-1.60333037376,0.07410171628,-0.196044042706,-0.866816401482,-1.10350000858,0.708768248558
2185,0.502950012684,0.758749961853,0.643095970154,1.24734687805,0.745999991894,1.66049349308,1.30674445629,0.164369881153,-1.11116325855,-0.507789254189,0.592950046062,0.988935470581
3315,0.168799996376,-1.56585001945,-1.41375279427,-1.57824063301,-0.796899974346,0.545005321503,-0.235751613975,-1.58845925331,0.36036631465,0.0381126403809,-0.713199973106,0.29630163312
5289,-0.0199000239372,0.975100040436,1.45434451103,0.942990899086,1.13324999809,0.0706303194165,0.716032266617,0.0862106531858,-1.28584825993,-0.202200829983,0.537349998951,-0.741605699062
868,-0.668200016022,0.0716999769211,0.427197217941,-0.14124339819,0.276650011539,-0.281632810831,1.43540859222,0.16996344924,0.287489622831,0.202211096883,-0.0731000006199,-0.0728989318013
1677,0.245149984956,0.282299995422,0.11633631587,0.200298160315,1.33899998665,2.2707221508,0.84842479229,-0.0967408716679,0.0407660081983,-0.777066707611,0.103100001812,0.61410266161
7043,0.729849994183,0.577350020409,0.441251397133,0.704457700253,0.239899992943,2.16221427917,0.784517109394,0.705832540989,0.475942105055,-0.389612287283,1.33115005493,1.43576550484
5613,0.261299997568,0.857599973679,0.489438891411,0.472716450691,0.28955000639,0.80904173851,1.31188011169,0.47559773922,-0.232008561492,0.234418466687,0.318649977446,-0.00266936421394
595,0.949699997902,-1.29054999352,-1.01819717884,-0.16166049242,-0.755050003529,-0.229341417551,-0.293589711189,-0.455278396606,0.528447210789,-0.18429261446,0.385549992323,0.325245827436
4793,1.52865004539,0.565250039101,-1.51080131531,-0.578962981701,-0.560400009155,1.67362010479,0.276863992214,-0.518106639385,0.342789411545,-0.780231356621,-0.489099979401,-0.946236491203
2736,1.1942499876,2.26515007019,1.1025595665,2.12723827362,1.82295000553,-0.084875009954,0.208051502705,-0.86873537302,-1.044252038,-0.544377923012,0.0510500073433,0.0051282569766
5290,-0.0517499893904,1.66814994812,0.445860147476,0.738602399826,0.363749980927,-1.02707779408,0.247458979487,0.0919761434197,-0.933626353741,-0.439687907696,-0.478450000286,0.0865597426891
6194,0.0,-2.54690003395,-0.000913968891837,-0.787911057472,0.000699999975041,-0.312482565641,-0.1011942029,0.770371198654,-0.625050425529,-0.280599415302,-1.09929990768,-0.383222848177
1676,0.11605001986,0.181100010872,0.631332337856,1.25963389874,0.480199992657,1.27667236328,0.00221683830023,0.71387720108,-0.649334728718,-0.508902490139,-0.0235499739647,1.30403852463
23512,-0.699499964714,-1.88415002823,-0.974168539047,0.644970834255,0.448949992657,0.0536205470562,0.0402150154114,0.160325050354,-0.291257023811,-2.71749448776,-0.230450004339,1.23565292358
148022,0.813250005245,1.44869995117,1.31135356426,0.725967645645,0.16859999299,0.410145670176,0.61726975441,0.0254099369049,0.25296112895,-1.07720291615,-0.393050014973,-1.72315692902
1906,0.632550001144,0.0987499952316,0.825011730194,0.653899431229,-0.601249992847,1.06479394436,-0.442465007305,-1.14620041847,-0.701716780663,-0.86113512516,0.436599969864,-1.55806553364
8878,-0.297049999237,-2.35095000267,-1.21931636333,-0.767222464085,-1.00364995003,-0.0288095213473,0.881372928619,0.313511669636,1.12055122852,1.06017708778,-0.503499984741,-0.889913260937
3091,0.838999986649,-0.253299951553,-0.276080161333,-1.19072937965,-0.213649988174,0.18602091074,0.719576597214,-0.0558753609657,0.422814697027,0.675406455994,0.567099988461,-0.994228601456
5743,0.0917500257492,-0.302850008011,0.869738817215,0.417798787355,-0.800249993801,1.59006023407,-0.464532494545,0.948736190796,0.750846385956,0.903829991817,0.200449988246,0.312323629856
5321,-1.36509990692,0.287050008774,1.35078704357,0.523752808571,0.906899988651,0.705932378769,1.05422782898,0.331196308136,-0.536322534084,-0.134476184845,-1.70304989815,0.424106895924
4144,0.531849980354,-1.10444998741,0.484143316746,0.791967868805,-0.0421000011265,0.963174283504,-0.0674933940172,1.19161510468,1.14858472347,-0.230489343405,-0.276650011539,0.140624284744
1981,-0.17460000515,-0.69730001688,-1.17956876755,0.151409983635,-0.140599966049,-1.36615347862,-1.35774874687,-0.258113503456,-0.67297244072,-1.21159172058,-0.0144000053406,-0.49798053503
695,2.38334989548,1.02834999561,1.48207938671,0.559812426567,1.07535004616,0.113152369857,-0.10863122344,0.113585628569,0.539278149605,0.798431575298,0.833000004292,-0.0456561222672
10398,1.31679999828,0.867299973965,1.30382168293,1.95836937428,-2.69899988174,1.39483249187,1.41700911522,0.0390630587935,-0.0743927508593,-0.534650802612,0.463699996471,-1.88273823261
5708,-1.23695003986,-0.845399975777,0.425510942936,-1.15071702003,-0.291199982166,-0.231689065695,-0.283437669277,-0.229755327106,-0.454075068235,-0.0592714548111,0.159299999475,1.26987814903
1213,-0.445100009441,-0.0306500010192,0.0408954620361,0.377110779285,0.438550025225,0.658064067364,-1.07330846786,0.165888249874,0.0418373048306,-0.911490321159,-0.0990999937057,-0.52469587326
226,0.909700036049,0.481900006533,-0.196823090315,0.243399679661,0.395199984312,0.543277740479,0.371418863535,-0.258722543716,0.615397632122,0.0708971992135,0.30370002985,-0.281862914562
6777,-0.839400053024,-1.15040004253,-0.205613538623,-0.332733273506,5.33265018463,-0.598384678364,-0.058183029294,-0.465907126665,-0.0596802383661,-1.23107790947,0.193200007081,-0.222963437438
2113,-0.272050023079,0.933550000191,1.16968870163,0.849208176136,1.12014997005,2.94831728935,0.559868216515,-0.281537026167,-1.03318524361,-1.14554738998,-0.247000038624,-0.41485273838
3329,-0.472800016403,-1.29779994488,-0.268123090267,-0.469642966986,-0.22650000453,0.727081000805,-0.599018990993,0.0304565615952,0.735431551933,-0.401053220034,0.510600030422,-0.187859803438
1050,-0.333800017834,-0.486599981785,-0.566897332668,-1.09756195545,-0.090300001204,1.49584519863,-0.304731965065,0.653740167618,0.901516079903,0.904766380787,-1.70554995537,-0.139225751162
9491,-0.43694999814,0.636299967766,0.119125068188,0.013242483139,-1.18029999733,0.75624781847,0.406520962715,-0.596032559872,0.538379192352,0.0156898796558,0.118950009346,0.191789388657
22926,-0.11535000056,-0.0439500212669,1.2587480545,0.700097024441,0.607949972153,0.380682200193,1.20143008232,0.0281825214624,-0.0352735817432,-0.64591139555,0.642899990082,-0.556750833988
5899,0.0728999972343,-1.18634998798,0.330875575542,-0.199360460043,-1.73090004921,0.11514185369,0.153318792582,-0.498013466597,-0.120468378067,-0.272025108337,-0.110699951649,-2.11464071274
5467,-0.247500002384,1.26520001888,1.4744811058,0.210218861699,2.75710010529,0.419238716364,0.421437621117,-0.173865407705,-0.68294519186,-0.405282855034,-0.622700035572,-0.0812669545412
6774,-0.798399984837,-1.31770002842,1.30895185471,1.41120195389,0.555599987507,-0.0656726062298,-0.115393459797,-0.00160531699657,0.379748225212,-1.41405963898,1.59859991074,-0.204936429858
1788,1.10685002804,0.84274995327,1.01445484161,0.219593971968,1.35115003586,2.27480077744,-0.275052130222,0.807406783104,-0.443986833096,-1.17367660999,-1.16280007362,0.17167147994
5921,0.163300007582,-1.10255002975,-0.0365529358387,0.292486339808,0.0547000020742,0.318592518568,0.229923337698,0.631495177746,1.08227026463,0.147240921855,0.691550016403,0.970427632332
5721,0.497500002384,-0.302599996328,0.2797062397,0.512733876705,-1.55375003815,-0.165088608861,-0.502127528191,-0.442677140236,-0.707084536552,-0.398191511631,-0.00775000080466,-1.50719606876
2263,-0.408150017262,-0.627550005913,-0.394469201565,0.139457255602,-0.0468000024557,0.74261957407,1.31790888309,0.273925900459,-0.621808767319,-0.465568423271,0.393299967051,0.872150182724
808,0.308200001717,-0.0976500064135,-0.530578076839,0.856236577034,0.285449981689,0.886593520641,-0.801904439926,-0.351529091597,-0.121722400188,0.326571971178,0.152750015259,-0.303017437458
30001,1.74135005474,-1.31010007858,-1.77740359306,-1.42329287529,-1.95564997196,-0.736627817154,-2.04269695282,-0.377840936184,-0.276203840971,-0.528806507587,-0.323400020599,-0.365363299847
348,0.353100031614,-0.116299986839,0.523987770081,1.03542554379,0.356150001287,0.318892866373,0.748525798321,-0.241152688861,-0.792658805847,-0.486536622047,0.202299997211,-0.13606376946
30849,0.725000023842,-0.269749999046,-0.590665757656,-0.251269042492,0.284950017929,0.450071334839,-0.100388608873,-0.119460240006,-0.0024953186512,-0.500118970871,0.261299997568,-0.308512091637
1454,-0.0545500069857,0.485150009394,0.408805131912,-0.672338843346,-0.302649974823,0.359172582626,0.704278349876,-0.379346221685,0.449063122272,0.428000867367,0.0606000125408,-0.140662431717
6500,-0.232399970293,-0.137850001454,-1.25023174286,-0.3313126266,-0.558250010014,-0.0755783766508,-0.254007875919,-0.030633084476,-0.141053542495,0.158432066441,0.0502000153065,0.263177156448
5627,0.680649995804,-0.745999991894,-0.73855650425,0.201679199934,-1.65650010109,0.199352934957,0.498815745115,0.4072689116,-0.0817114561796,0.460661530495,0.371950000525,0.477361798286
5715,0.0995000004768,-0.92300003767,-0.652111291885,-0.0973266065121,-0.708649992943,0.168908447027,-1.01517009735,-0.729372680187,0.510251164436,0.0980782210827,-0.358999997377,-0.165682166815
4791,0.681699991226,0.465949982405,1.46533095837,0.71341240406,0.784649968147,-0.891817212105,-0.229136645794,-0.743673682213,-0.874903202057,-0.420213192701,-0.183600008488,0.215862765908
56924,-0.298350036144,-2.74464988708,-0.108798444271,-0.316798627377,-1.70599997044,-0.459658384323,0.402601718903,0.216396838427,-0.182899743319,0.38315603137,-0.888849973679,0.21676941216
2690,-0.559350013733,-1.62555003166,-0.32217925787,-0.570738315582,-0.590299963951,-0.737251222134,0.302336394787,0.168378576636,0.354458719492,0.27768856287,-0.556749999523,-0.716704964638
1019,-1.39300000668,0.60480004549,2.33932137489,1.79573190212,0.768700003624,-1.15595042706,-0.644437611103,0.467849731445,-0.263560801744,-1.80345642567,1.04970002174,0.37464812398
51422,-0.564200043678,0.141100004315,0.524819254875,0.226314023137,0.0585500001907,-1.15199530125,-0.691988646984,1.97862565517,-0.0911363437772,-1.17828929424,0.798899948597,-1.19250941277
5788,0.709450006485,0.710700035095,-0.851650238037,0.523702323437,1.20875000954,1.24772965908,0.794229507446,-0.259266346693,-0.541059374809,-0.646423816681,2.11339998245,1.34824180603
6709,0.0201999992132,-0.19089999795,-0.0402697175741,0.347656428814,-1.14715003967,-1.31737279892,-1.82515144348,-1.21614992619,-1.10733580589,-0.62092602253,0.486100018024,-2.84937167168
1277,-0.67509996891,-0.0806000083685,-0.251155674458,-1.16892695427,1.00020003319,-0.255008339882,-0.920277893543,-0.365556836128,-0.132202759385,-0.168241396546,0.324250012636,0.129130452871
993,0.943400025368,-0.73734998703,-1.15320909023,-0.0927617698908,-1.65729999542,-0.245675325394,-1.06947207451,-0.0600181818008,0.935855269432,-0.719044566154,-0.778250038624,0.533102333546
7157,0.321449995041,-0.934049963951,-0.250079989433,-0.0423616617918,-0.311399996281,-1.24461340904,1.16741943359,-0.380651295185,1.38733625412,-0.307647109032,-0.0965000092983,0.360662966967
1958,0.248450040817,0.836049973965,0.700986802578,0.797764360905,0.454749971628,-0.502781271935,0.677163362503,-0.148294478655,0.0658095479012,-0.00169767066836,-0.117299973965,-0.451525121927
4582,-0.041400000453,1.12840008736,1.72592520714,0.320761680603,-0.771549999714,-0.354234009981,-0.247331380844,1.22059428692,0.794143676758,0.23431161046,-0.277649998665,0.200517743826
9212,0.575950026512,0.156350001693,0.913226544857,0.800256729126,0.814300000668,0.803017199039,0.0104392468929,0.958164036274,-0.115202352405,-0.0180802196264,0.802399992943,0.926550388336
8440,0.253849983215,0.614300012589,-0.612970471382,0.45902556181,-0.166249990463,-0.519454658031,-0.717109799385,-0.413221687078,1.58775794506,0.299675762653,-0.308099985123,-0.402272462845
6790,1.00475001335,-0.10925000906,-0.5460922122,-0.239181414247,-0.228199988604,0.777737081051,-0.745418488979,-0.343166768551,0.397153437138,0.167328923941,0.401950001717,-0.205827414989
8851,0.919900000095,0.171150013804,-0.239765584469,0.238396465778,1.16680002213,-1.090467453,0.794645786285,-0.431437343359,-0.363271534443,-0.89432144165,-0.870450019836,-0.684996843338
2534,-0.0285499989986,-0.199349999428,0.737177014351,0.28691804409,-0.178449988365,-0.340594828129,0.126025766134,-0.127383321524,-0.289191097021,-0.888726353645,0.235549986362,0.942476511002
4893,0.326600015163,-0.600100040436,-0.5230858922,-0.522367656231,1.64355003834,0.765649199486,0.312494754791,0.110858887434,0.532966017723,-0.5607213974,0.533800005913,-0.756839632988
665,-0.341549992561,-0.232899993658,-0.00174087285995,-0.949878454208,-0.120899990201,0.233500763774,0.222574055195,0.618352353573,-0.326757520437,0.761815547943,0.285250008106,1.35777151585
4313,1.01425004005,0.409850001335,0.985521256924,1.15274047852,0.385850012302,0.412574201822,3.88758039474,0.429032534361,-0.749788284302,-0.303500115871,0.112599998713,-0.821284174919
1022,-1.88999998569,1.06900000572,1.15066206455,-0.613348603249,0.761250019073,-0.652012705803,-1.19860935211,-0.236551091075,-0.995275020599,-0.397769331932,-0.202099993825,-0.799941420555
5880,-0.750800013542,0.402249991894,0.310792863369,-1.52413415909,-0.0812999978662,-0.33721742034,-0.779917299747,-0.652417838573,-0.67097735405,-0.381911695004,0.0360499992967,0.460085660219
3162,1.14219999313,-0.148549988866,-0.542394161224,-0.43239992857,-0.667249977589,1.26232850552,0.254364460707,-0.0207435786724,0.999651908875,1.06537806988,0.721349954605,-0.197643429041
1282,-0.276149988174,1.14495003223,1.06501340866,0.862177371979,0.320199996233,-1.38665544987,0.973740756512,0.104457117617,-0.25918161869,-0.776527166367,0.590449988842,-1.08057570457
3383,-0.15625,0.823199987411,1.18430685997,0.577902257442,-0.0332999974489,-1.62375795841,-0.266137570143,-0.960680544376,-0.0267466753721,-0.766414523125,-0.321050018072,-0.51311904192
727,-0.653050005436,0.532149970531,0.916742920876,0.968111157417,0.771149992943,1.54888367653,0.883624792099,0.478935718536,0.503935337067,0.600570201874,0.934200048447,0.255215883255
4792,0.187250003219,-0.0812999904156,-1.82748544216,-0.50906252861,-1.22675001621,-0.694913208485,0.705298423767,-0.316808402538,1.79745769501,-0.195664465427,0.0236499905586,0.0751077532768
4794,1.2364000082,1.47655010223,1.15294003487,1.22521865368,1.22504997253,0.661010324955,0.692546069622,-0.686621546745,-0.916346251965,-0.33831679821,0.222849965096,0.176532298326
902,-0.00864997506142,0.715149998665,0.523525178432,0.0147043839097,0.413800001144,0.168548941612,1.15881037712,-0.487887322903,-0.030854947865,-0.198165684938,-0.207699984312,0.150988638401
8091,-0.276050031185,-0.104450002313,0.730951845646,-0.239537999034,-1.73790001869,-0.374078959227,-0.742371916771,0.0346963405609,-0.392417609692,-0.278654515743,0.117650002241,-0.478904813528
3486,-1.41935002804,-2.18575000763,1.00552487373,-0.0844400525093,-0.29960000515,0.308833807707,0.062925979495,-0.0660284087062,0.336000978947,-0.284396737814,0.474550008774,-0.757072806358
10818,0.76550000906,1.03324997425,0.851121485233,1.31055831909,0.940750002861,1.27087318897,0.598515629768,-0.125874459743,-1.02561569214,-0.937432289124,0.00900000333786,0.0501215010881
3454,0.863749980927,0.661499977112,1.1078183651,0.859340667725,-0.235799998045,0.698725938797,0.488814532757,0.28078520298,-0.759376049042,-0.261067509651,-0.0710000097752,0.627627432346
4282,0.000999999931082,-0.215349987149,-3.76712012291,-0.343291252851,-1.96850001812,-0.133365571499,-1.93460297585,0.352919757366,0.495505094528,-0.0728918612003,0.781350016594,0.0829813927412
1605,0.162699997425,-0.74739998579,-0.36451625824,0.256224274635,-1.33109998703,-0.0787598118186,0.213075533509,-0.0290122181177,0.992539286613,0.0178536474705,0.3246999681,0.825610935688
10644,0.0825999975204,0.90180003643,-0.409154564142,3.52564072609,-1.69484996796,0.108848556876,2.80074334145,0.44936478138,0.201767638326,-0.492768645287,0.391950011253,-0.220909535885
2065,-1.34299993515,-0.208000004292,-0.13503690064,-0.381447374821,0.578400015831,-0.479038089514,0.764489114285,0.411622822285,1.17567932606,0.543731868267,-0.609899997711,-0.703840196133
8321,0.592100024223,1.12135004997,1.0669400692,0.913443684578,1.07030010223,-0.738752365112,0.23682333529,-0.1047000736,-0.382592529058,-0.346571445465,0.0838499963284,0.541297674179
8503,-0.0626500025392,0.820950031281,0.640733838081,0.60915017128,0.858500003815,-0.131551727653,0.800727367401,0.702219605446,1.24885702133,-0.110696703196,0.234950006008,0.423479735851
7027,0.775850057602,-0.512549996376,-0.598462641239,-0.133033841848,0.753149986267,-0.355711400509,-1.75774908066,-0.14124801755,-1.13980412483,-0.428274214268,0.746749997139,-0.200866371393
6850,0.894999980927,0.850499987602,-0.90979629755,1.2910681963,0.600399971008,0.798266470432,0.567281246185,-1.05113756657,-0.511193811893,-0.700532674789,-0.351549983025,0.0260725691915
1978,-0.589149951935,-1.68989992142,-1.50884282589,0.112035408616,-1.09599995613,0.549380600452,2.14269709587,1.72513186932,3.25132465363,0.325869232416,1.22235000134,-0.10059774667
896,-0.386599987745,-0.905849993229,0.45917096734,0.866434574127,-0.364050030708,-0.205889239907,-1.84335660934,0.293859124184,-0.913831114769,-0.27622961998,-0.217749983072,-0.00100108981133
5777,1.19634997845,0.129249989986,-0.337169975042,-0.901022315025,-0.053200006485,-1.53467512131,-0.461594581604,-0.250041604042,-0.235373556614,0.385293900967,0.104999959469,-0.681422114372
1846,0.580199956894,-0.0434500016272,0.0597075968981,-0.78869342804,-0.42230001092,0.641434907913,1.06386816502,0.13366612792,0.788401603699,1.1415810585,-0.649500012398,0.887162208557
5925,-0.876100003719,0.377999991179,1.08593738079,0.233010232449,-0.751200020313,-0.659514784813,1.90802240372,0.00474464893341,-0.521086752415,-0.791542887688,-0.458750039339,-0.280785411596
142,0.855000019073,0.409150004387,0.646165251732,-2.21736812592,-1.26020002365,1.13086938858,0.408264189959,0.398150593042,1.15401184559,-0.237960159779,-0.096549987793,-0.419447749853
1021,-1.00350010395,0.281850010157,0.402662426233,0.0,-0.739399969578,-1.12898099422,-0.807396888733,-0.653836965561,0.159912571311,-1.56076788902,-0.862850010395,-0.857455849648
5699,0.106200009584,-0.122749991715,0.523671090603,0.998776078224,0.843149960041,1.14174175262,0.800421655178,0.112938754261,0.834657430649,0.412458628416,-0.128499999642,-0.245739787817
8061,0.246650010347,-0.672349989414,-0.620682418346,0.21767115593,-0.836149990559,-1.76455545425,0.435686022043,-0.202539503574,-0.700647711754,0.16184002161,-0.528499960899,-1.82610189915
1870,0.0124000012875,-0.639400005341,-0.0158231817186,-0.356976747513,-2.30259990692,-0.39047139883,0.147569328547,0.542174816132,-0.468153446913,4.37321949005,0.0636999979615,0.371341705322
1398,0.509500026703,-0.552950024605,-0.688430309296,-0.320606708527,-0.195200011134,-0.154586970806,-0.677826285362,-2.96534633636,-3.72586417198,-0.829997181892,-0.108099997044,0.0221590548754
3312,-0.48189997673,-3.05209994316,-2.23393583298,-0.270376205444,-0.785250008106,0.725248217583,-0.692335784435,0.0240686237812,-0.25179746747,-0.57859826088,-0.0327499806881,-0.237817183137
891,-0.380999982357,-0.1358499825,-0.93851429224,0.305079460144,0.101050004363,-0.371364712715,-1.26673209667,0.510148346424,-2.02545714378,-0.17059828341,-0.0468500256538,0.199681997299
4775,0.230049997568,0.520699977875,0.11565618217,0.413468062878,0.775099992752,0.548606812954,2.25967478752,0.486594319344,-0.400905609131,-0.274304628372,1.76334989071,0.386177420616
5111,-5.0,-0.468000054359,-0.609699368477,-0.383573591709,-0.231949985027,-0.751552462578,-1.35379695892,0.0,-1.28583419323,0.874548256397,0.394299983978,-0.0356792211533
5696,0.167800009251,-0.616050004959,-0.379223585129,-0.460704475641,-0.875699996948,-0.189041435719,0.598453402519,-0.0309656560421,-0.797778964043,0.07232298702,-0.569750010967,2.88230252266
5588,-0.181150004268,2.35220003128,-0.0797624439001,0.599540352821,0.717750012875,-0.308325082064,0.480603337288,-0.613140523434,-0.888629436493,4.53263568878,-0.817649960518,0.24808165431
6839,0.0940499901772,-1.11744999886,0.0365158952773,-0.143431454897,-1.24545001984,-0.314976155758,-1.49059641361,-0.766298651695,-0.122954145074,0.118538111448,0.107050001621,0.355932682753
329,3.95460009575,0.625449955463,-0.210205972195,-0.406653106213,-0.312400013208,-1.49134516716,-0.481284409761,0.565055131912,0.887335896492,1.02191436291,-0.625150024891,0.224247425795
5058,-5.3466501236,0.633350014687,0.521408617496,-1.12576329708,0.138700008392,-1.46532177925,-0.914109766483,0.00486248731613,-0.723546028137,-0.662125825882,-1.04499995708,-0.337091624737
998,1.91820001602,-0.41835001111,-0.686946392059,-0.999877750874,-0.541499972343,-0.704949259758,-2.48253941536,-0.85095512867,-1.22733998299,-0.555018603802,0.809350013733,0.167951315641
9134,-0.686849951744,0.96439999342,0.76831227541,1.31027030945,0.953299999237,-1.55589568615,0.485869944096,0.0318701565266,-0.658048450947,-0.53006207943,-1.77384996414,0.0171490907669
6616,-0.145349994302,0.569050014019,0.183292135596,0.402789741755,0.462350010872,5.22137308121,-0.336060464382,-0.23246909678,3.51763439178,-1.17408144474,-0.251800000668,-0.502889275551
5223,0.233950003982,-1.07904994488,0.070187151432,-0.473656952381,-0.953199982643,0.851378977299,-0.627223193645,-1.37992680073,-0.500871300697,0.0113199725747,0.288800001144,-0.0635139197111
4690,1.76570010185,-0.447600007057,0.278367817402,0.837556362152,-0.55134999752,0.178189188242,-0.443691521883,-0.827543377876,0.514530956745,-0.730417847633,0.249850004911,-0.32798704505
958,0.212849989533,0.369000017643,0.551300108433,1.06778860092,1.75935006142,0.736721634865,0.595568656921,0.297957807779,-1.01392745972,-0.685941159725,0.0410999953747,0.346720099449
1616,-0.0217500030994,-0.754450023174,0.279885590076,-0.178190931678,0.681749999523,-0.106547452509,-0.298126101494,0.326050758362,0.118899390101,-0.431335240602,0.0848499834538,0.594200372696
991,-0.237450003624,-0.0575499981642,-0.212587922812,-3.38114023209,0.00065000000177,-0.492511689663,-1.23346793652,-7.87364959717,0.852938771248,-0.0230855494738,0.402599990368,-1.96061015129
6347,-0.0103999972343,-0.845700025558,0.17801463604,0.635901510715,0.631150007248,-0.554858446121,-0.439416050911,-0.377590954304,-0.319626480341,-0.25741404295,-0.4646499753,6.57348871231
6714,-1.50749993324,-0.314199984074,-1.42067086697,0.040186882019,-0.537750005722,-0.0112266652286,-0.399755299091,-0.278659880161,1.31739473343,0.335890948772,-0.0729000121355,-0.26317730546
652,-0.307999998331,-0.265649974346,-4.75373077393,0.675948023796,0.749249994755,0.420836120844,2.16285085678,-0.0718831717968,-0.840339481831,-0.386009216309,0.488799989223,0.0387878119946
4331,0.237000003457,0.0997500047088,0.441273212433,0.827103793621,0.754649996758,-0.524197638035,-0.639570653439,4.74004983902,0.311820834875,0.700606286526,0.842299997807,0.800643205643
7099,3.5313000679,-0.401500016451,-1.75305604935,0.267902553082,-0.0264499988407,-1.56245827675,0.392806470394,-0.0862093418837,3.86642456055,0.372693538666,-0.012549996376,-0.60124784708
10320,0.0673500001431,-0.0548500008881,0.0572229474783,0.382156252861,0.460550010204,1.03392469883,0.66036605835,5.19046640396,-0.191695898771,0.588769435883,-0.740549981594,-0.0370338186622
2042,0.89610004425,0.448350012302,-0.212437167764,0.325182080269,0.396550029516,0.390553116798,0.0030040293932,5.60179662704,0.104476608336,-0.188944131136,0.689750015736,1.63598978519
843,0.136950016022,0.537750005722,1.08979892731,0.395573824644,0.807899951935,0.480024039745,1.48203468323,0.182882457972,-1.12861728668,4.72174453735,0.0842500329018,0.328049629927
840,-0.123199999332,0.280200004578,-1.18773281574,-0.259903550148,-1.13100004196,-0.539086520672,-2.58051276207,-4.09337377548,-0.463763415813,-0.153507590294,0.791650056839,-0.0329498946667
7048,0.572650015354,0.19034999609,0.135537803173,-0.27820250392,5.34544992447,-1.10711550713,-1.695322752,-0.537324011326,-0.143600195646,-0.805345356464,-0.59944999218,-0.865508198738
4851,0.572749972343,2.2500500679,1.12184667587,0.737597823143,0.77790004015,1.05260527134,0.982274651527,0.322582423687,0.526877164841,0.0474874377251,0.493699997663,6.13312911987
6464,-0.082800000906,-0.806349992752,0.071145541966,-0.215422049165,1.61664998531,2.12062978745,0.5447229743,-0.0105820000172,-1.36965787411,-0.933454155922,-0.0693500041962,-0.0339695215225
23410,0.137800008059,0.0976499915123,0.773865282536,1.06357586384,0.406799972057,2.11798810959,0.948946774006,5.30203390121,-0.202476426959,0.571048498154,1.47110009193,0.714154601097
54205,-0.0737499967217,-1.58920001984,-1.88385260105,0.42515450716,-4.97125005722,-1.45678853989,-0.771147370338,0.228871688247,-0.227522835135,0.58604490757,-0.841699957848,-1.2740213871
2770,0.138149991632,1.79435002804,0.707249343395,0.84394800663,1.12530004978,0.638089895248,-0.0604084320366,-0.272624254227,0.15230499208,4.31696987152,0.446100026369,-0.249895513058
80204,-0.474700003862,-0.302400022745,1.76152157784,3.10199761391,1.80869996548,-0.769898355007,0.520071029663,4.83622837067,0.813715338707,0.139756843448,0.374900013208,0.588458776474
4208,-0.966699957848,1.24375009537,0.988979279995,0.725440621376,1.81959986687,0.683996081352,3.69180727005,-0.196240901947,-0.600786566734,-1.15273499489,-0.0933000147343,-0.000798791646957
1845,0.224400013685,-1.51769995689,-1.01010644436,0.574558615685,1.63829994202,-0.0551121123135,-0.687080979347,-0.343541920185,0.957993268967,1.10114705563,1.35664999485,-0.61894261837
23368,1.36489999294,1.51964998245,-0.436703145504,1.29982221127,0.399949967861,0.904032707214,2.478474617,3.29874706268,0.193368136883,-0.588185846806,0.0343999862671,1.00733757019
5583,0.14280000329,-0.106849998236,1.35715639591,-0.0930908918381,-0.635950028896,-1.25972568989,2.18692445755,0.180165112019,-0.575243592262,0.0679887533188,0.142200008035,-0.0367621779442
8900,0.0350999981165,1.21319997311,0.976177334785,0.795376181602,0.925699949265,0.489884436131,-0.0797339528799,-0.294165551662,0.664679765701,0.895566284657,-1.17499995232,-0.26070740819
581,0.862499952316,0.578299999237,0.442506402731,1.56451320648,-0.0762999653816,-0.526566803455,0.0348244011402,0.582098960876,-0.991590976715,-0.632517933846,0.544449985027,0.164271563292
6193,0.931900024414,0.118249997497,1.65671420097,0.352915346622,-0.541999995708,0.364172339439,-1.03459191322,-0.401827096939,0.559245467186,0.677092552185,-0.425200015306,-0.344380199909
6622,0.533200025558,-0.983049988747,0.702203273773,-0.491300672293,1.54925000668,0.230433344841,0.550573825836,0.728930652142,0.345118373632,0.442697554827,-5.17035007477,0.555365681648
11261,-0.582149982452,0.0971499830484,-1.04831075668,-0.380843281746,0.528850018978,0.280499279499,0.0630977451801,0.136580780149,-0.864456892014,0.665171504021,-0.0173000097275,-0.360277235508
6696,0.70165002346,-0.810150027275,0.869165301323,0.216024398804,0.726850032806,-0.315938740969,0.0556798577309,2.96730041504,-0.152932062745,0.930922687054,0.713899970055,-2.01055192947
8312,0.0269499868155,1.50845003128,-0.165513366461,-0.400028407574,2.96050000191,-0.531664192677,-0.0359836928546,-0.381226122379,0.716466903687,0.191903561354,1.01100003719,-0.474196702242
835,0.502149999142,-0.843549966812,-0.59735172987,0.0966349989176,0.444249987602,0.0703494399786,3.26473045349,-0.277544796467,0.43459418416,-0.619340658188,-0.489599972963,-0.450928866863
8324,-0.555649995804,-0.206049993634,-0.369590520859,-0.544630289078,1.28364992142,-1.47879385948,-1.28889656067,0.144642710686,-0.764588356018,0.510366559029,0.575999975204,-0.136913537979
1848,-1.00429999828,0.00100000202656,0.0925068259239,0.244655847549,0.0269999988377,0.134322062135,-0.393925011158,0.0559361577034,-0.434430241585,0.350286096334,-0.149200007319,0.70202922821
154,-0.692749977112,1.31124997139,0.0792951583862,-0.0900688245893,2.53690004349,-0.457134097815,-0.416648387909,-0.866714000702,0.268935769796,0.711110413074,0.00354999303818,-0.0822973996401
4312,-0.385449975729,0.711449980736,-0.0975420773029,0.598997354507,-0.241999998689,0.0107029266655,1.07140874863,-0.128517955542,-1.16437339783,1.23101782799,-0.173450022936,0.371896445751
994,0.120600000024,-0.841000020504,-1.06589615345,-1.07349157333,-0.629500031471,-0.385685294867,-0.623973309994,-0.337830930948,0.593315839767,0.517500281334,0.53434997797,0.42240151763
2048,-0.383500009775,-0.542750000954,0.157285869122,-0.228713899851,0.396300017834,-1.00571596622,-0.302122563124,0.19268591702,0.189152851701,-0.689074873924,-0.314200013876,0.378572881222
1111,-0.773050010204,0.401950001717,0.851887345314,0.83961212635,-1.56844997406,-0.550306200981,1.49205672741,0.1898945719,0.482446432114,-0.125722438097,0.35505002737,0.558849036694
5154,0.39564999938,-0.356049984694,0.404658257961,-0.871371924877,-0.516100049019,-0.486579984426,1.03324019909,-0.124633230269,-1.45603239536,-0.0169177651405,0.914700031281,0.233553335071
2920,0.180399999022,-0.0277999937534,-1.14138126373,-0.913599550724,0.6304500103,0.894709467888,5.21368312836,0.349785417318,0.386352241039,-0.151169329882,0.289300084114,0.469949066639
3122,-0.178949996829,0.892300009727,-0.768903613091,-0.254828155041,0.486950039864,-1.02407181263,0.185443714261,-0.396679878235,-0.792415440083,-0.341683268547,-0.743649959564,0.0468960814178
2769,-0.581650018692,0.932649970055,2.35303735733,0.269799232483,0.848800063133,1.13942611217,1.81134665012,0.446009039879,-0.186022520065,0.12366694212,-0.587700009346,1.1069984436
5900,-0.447100013494,1.51795005798,0.270045757294,-1.84728288651,-0.452149987221,0.67402946949,0.863131284714,-0.413644254208,0.499352097511,1.5990613699,-0.325400024652,0.975363910198
6304,-0.316399991512,-0.338550001383,-1.37375819683,0.525948762894,-0.382250010967,0.539569497108,1.42583370209,0.652844071388,0.0193385332823,0.0319554656744,0.490350008011,0.266270935535
5211,-0.19549998641,-0.731500029564,0.0156916975975,0.599291980267,-0.39954996109,1.13640797138,0.839774370193,-0.0191072821617,4.63629293442,0.812086224556,-0.2704000175,0.829771757126
2886,0.811200022697,1.52189993858,-4.78051900864,-0.365469992161,0.554250001907,-0.130231142044,1.4954379797,0.810290694237,-0.777667999268,-0.596618413925,0.0560500025749,0.585767865181
9261,-0.267850011587,-0.271350026131,-1.69750857353,-0.0204996168613,-0.462650001049,-0.38594019413,-0.14407171309,0.0996616333723,-0.749034941196,3.13571500778,0.534950017929,-0.020186662674
8569,-0.236000001431,-0.573249995708,0.256464332342,0.783864140511,-0.311850011349,-0.418049871922,-0.675819158554,-0.14166495204,-0.94776070118,-0.737070441246,0.628800034523,0.09867297858
3303,0.320500016212,0.186450004578,-0.574701786041,-0.0107446312904,-0.386000007391,-0.430006474257,-1.41979718208,-2.43996238708,0.239829987288,0.296805500984,-0.156650006771,2.03278183937
5331,-0.211050003767,1.19719994068,-0.344108223915,0.291656434536,-0.6929500103,0.479705274105,1.48199319839,0.47490015626,1.14324653149,0.250384181738,-0.365900009871,1.98359322548
5347,-0.219150036573,-1.29725003242,-0.207205563784,-2.63826942444,-0.577099978924,0.44126573205,-1.32931220531,0.111347176135,-0.0858843326569,-0.354010462761,1.28944993019,0.330788075924
4638,0.921249985695,0.295300006866,1.68559527397,0.405761867762,0.32025000453,0.130415901542,0.537843108177,0.275964051485,-0.522170841694,0.49701154232,0.156949996948,0.564455032349
2264,0.728100001812,-0.0732000023127,0.134625613689,-0.385130941868,1.51065003872,-1.84577679634,-2.69270849228,0.257898241282,0.629837334156,-0.616022229195,0.90575003624,0.514478802681
1029,-0.55220001936,-0.297399997711,-0.163847148418,-1.42601561546,-0.0853999853134,0.0504746884108,-0.113262534142,0.0316187143326,0.226441025734,0.541440486908,-2.21954989433,-0.0586352199316
1027,0.0167999863625,0.577199995518,1.65492081642,-0.24556954205,-0.182749986649,-0.518733024597,0.11460570991,1.04382324219,0.541211903095,0.264279603958,-0.327849984169,1.05873680115
2597,-0.0023499999661,0.0,0.000937975128181,-0.0836490318179,-0.00170000002254,0.0,0.0,0.0,-1.13575005531,0.0,0.198749989271,-3.28430652618
55847,-0.0467500016093,-1.79495000839,-2.17954349518,0.300632983446,-0.684949994087,1.0146740675,-0.626571834087,0.0506967157125,-0.173869594932,-0.0910150706768,1.10350000858,-0.111165851355
25803,1.58825004101,-0.687950015068,1.46444141865,-1.3892365694,0.0345999896526,0.926213860512,0.459819227457,-0.524599790573,0.269746929407,0.962375760078,-0.201499998569,-0.0024553835392
3480,-0.0686999857426,-0.867399990559,-0.00458341836929,0.355251729488,3.16400003433,-1.60330200195,-0.427163243294,0.215793132782,-0.14671638608,-0.99943113327,-0.0422999858856,0.0520818978548
2946,-0.155650004745,0.60689997673,0.482649832964,0.718964219093,0.329450011253,-0.337881714106,0.351454287767,-0.337249994278,1.22611379623,0.40253931284,0.862950026989,-1.31792902946
9517,-0.266149997711,-1.10580003262,-0.926696658134,0.258150905371,-0.243949979544,-0.816801965237,-0.0373539179564,0.071259252727,0.327315211296,0.108027502894,-0.217900007963,0.0346106290817
25987,-0.304949998856,-0.491400003433,-1.17412161827,-0.395235300064,-0.490150004625,0.931198179722,0.778461694717,-0.429466187954,1.37994122505,0.967762470245,-0.324799984694,-0.372530609369
23670,-0.349700003862,0.0208500027657,-0.627945482731,0.82525241375,-0.615499973297,0.392827808857,-0.714195728302,-0.0585120171309,0.674300432205,0.277212977409,0.253199994564,0.564139485359
11182,0.965700030327,-0.186599999666,0.38100835681,0.324955999851,-1.19790005684,0.301690459251,1.14830744267,-0.604376852512,-0.288136720657,0.406105101109,0.0779500156641,0.00501456856728
2146,-1.20974993706,-0.732300043106,-0.420546650887,-0.401404112577,0.61905002594,-0.180996954441,-1.4819778204,-0.691311657429,-0.334572255611,-0.281690061092,-0.700049996376,-0.343290865421
3385,-0.529699981213,-1.39865005016,-0.556117117405,-0.444724738598,-0.299699991941,0.656021595001,0.247680798173,-0.0210618674755,0.819745063782,0.237959325314,0.0323500037193,0.0401128083467
5261,0.354149997234,0.537899971008,0.253691494465,0.728575944901,-0.0272499918938,0.27965965867,0.187783718109,-0.461599439383,0.528069972992,-0.54963183403,0.0108000040054,0.707950592041
10765,0.910399973392,-0.555899977684,0.293642401695,-0.161037102342,0.449250012636,-0.61590898037,-0.425617098808,-0.295888155699,0.849872767925,-0.295474052429,0.273649990559,0.440627634525
25839,0.216949999332,-0.566449999809,-0.675842642784,-0.767409145832,-0.691799998283,-2.61619234085,-1.66988313198,-0.00883585214615,-0.353638291359,0.0655959099531,-0.13369999826,-0.236662775278
4172,-0.764050006866,1.53869998455,0.756703972816,0.809081017971,1.01174998283,-2.28751969337,1.47639763355,1.49470126629,-0.778457343578,-0.810909569263,-0.0163499992341,-0.805868506432
23161,0.498549997807,-0.590350031853,-0.606296002865,0.828983545303,0.916249990463,0.431589454412,1.35384869576,0.622203588486,-0.799456238747,-0.315561503172,-0.180950000882,0.719022154808
10298,0.822800040245,-0.157299995422,-0.401981472969,-1.09829640388,0.50854998827,-0.911338269711,-0.974496126175,0.119198486209,-0.656520187855,-0.626786589622,-0.538299977779,-0.115266859531
1802,-0.279100000858,0.312000006437,-0.769205570221,-0.515683829784,-1.63919997215,-0.819954454899,0.396174788475,1.00859856606,0.640732645988,-0.664970219135,0.0577500015497,-0.976771295071
58533,-0.538349986076,-2.13950014114,0.10213598609,-1.04309356213,0.0315499901772,0.79007768631,0.62725430727,0.141077071428,2.19836950302,1.52615618706,0.170950010419,-0.132582515478
147179,-0.101300001144,-0.205250009894,-0.572601616383,-1.13114368916,-0.979300022125,-0.251365363598,-0.0869100913405,0.142120525241,0.52221930027,0.032491505146,-0.651199996471,-0.969441175461
29937,-0.342549979687,-0.767449975014,0.75050765276,-1.43094682693,0.591600000858,1.20512878895,-0.402376949787,-0.230001181364,-2.11617136002,0.505706250668,0.0371000021696,0.897902548313
6184,0.556699991226,-1.11255002022,-2.60373520851,-0.707918047905,-0.807399988174,0.110482186079,-0.424263238907,1.18349146843,-0.998121738434,-0.136084526777,-0.128899991512,0.637187361717
9854,-1.12205004692,-0.500500023365,-0.265896052122,-0.0585079789162,0.607549965382,0.00933702941984,0.149763703346,-0.31066018343,0.461035311222,0.290551304817,-0.93599998951,-0.845585346222
2553,-2.92544984818,-0.805800020695,0.333297431469,0.214391127229,-0.111900001764,0.118624955416,-0.538436770439,-0.277090728283,0.0802463293076,-1.35451245308,0.568549990654,-0.628752112389
5440,0.573750019073,0.131450012326,-1.06437158585,-0.223752334714,-0.73265004158,-1.83128345013,-0.232155770063,-0.611712276936,-0.0246090590954,-0.31000238657,-0.269749999046,-0.121592774987
54623,0.639999985695,1.00845003128,-0.339441478252,-0.0626087188721,0.820899963379,1.06660783291,0.772558629513,0.555140674114,-0.11292630434,0.544679641724,0.815250039101,0.231400430202
9533,-0.125350013375,0.338200002909,0.173940956593,0.384256720543,-1.73030006886,0.291739553213,0.32359534502,-0.212730512023,-0.241578549147,-0.557803928852,-0.148550003767,-0.21601164341
8607,2.91624999046,-0.719849944115,-1.7067694664,-0.468901097775,0.126100003719,0.304090321064,-1.19746661186,0.267083883286,0.889868438244,0.615706026554,-0.796000003815,0.0589208602905
207,-0.173199996352,-0.513249993324,-1.01571726799,-1.22692489624,-0.67435002327,-0.866924285889,-0.391064852476,-0.220749050379,-0.349537134171,-0.535947740078,0.153500020504,-0.548607885838
26054,1.47725009918,1.33434998989,0.617803096771,0.397153615952,0.0156000256538,0.726916193962,0.775730609894,0.159560054541,0.813149690628,1.12556958199,0.141600012779,-0.101270958781
10682,0.495050013065,-0.858299970627,-0.391538769007,-0.849621236324,0.722100019455,0.191155359149,-0.573566794395,-0.254753768444,-0.585050344467,-0.119718208909,0.0999000072479,-0.297903478146
8573,0.46565002203,0.38330000639,-0.163375928998,-0.286687850952,-0.497749984264,-1.78634381294,-0.732287824154,-0.328007102013,-0.34265345335,-0.818269968033,-0.147149980068,-0.847008883953
23378,-0.673449993134,-0.0439500063658,-0.0650486499071,-0.178958743811,0.187900006771,-0.370993882418,-1.38534247875,-0.410844445229,-0.471268951893,0.534457683563,-0.287349998951,-0.911701321602
8553,-0.232100009918,-0.42175000906,0.675451040268,0.516049921513,0.357349991798,0.945231795311,-0.0656903013587,-0.24152430892,-0.177025094628,0.697759091854,1.97944998741,-0.24119348824
622,-0.707199990749,0.732649981976,-0.512257039547,-1.72241997719,-0.372000008821,0.503202259541,0.229125604033,-0.382554709911,0.0205701291561,-0.314016819,-0.0204499959946,1.05559444427
9467,0.070000000298,0.152599990368,0.821606814861,1.15391695499,0.08495002985,-1.05872094631,0.228779897094,0.0551674664021,1.40626764297,-0.637486517429,-0.240149989724,0.192756444216
5525,-0.646149992943,-0.0797999799252,-0.863892316818,-0.383931279182,-1.45105004311,-0.526833951473,0.850009262562,-0.472024232149,0.500860214233,-1.01569759846,0.150950014591,-0.466707289219
256364,0.745000004768,-0.405849993229,-0.113196969032,-1.55044841766,-2.64064979553,-0.746160805225,-0.351649224758,2.06573677063,1.97065997124,0.377223551273,0.164049997926,0.115344636142
332,0.438149988651,-0.858299970627,-0.869289755821,-1.5525932312,0.58109998703,0.950963973999,-2.40537190437,-0.579584717751,-0.742113113403,0.187424212694,0.650499999523,-0.376782804728
2058,-0.207700014114,-0.0076499953866,-0.296248674393,-0.195763707161,-1.08080005646,-0.548094749451,1.82189953327,2.02522230148,3.73685026169,0.514239430428,-0.276700019836,-0.977335333824
7849,0.357800006866,-0.485249996185,0.0603128224611,-0.970654249191,0.0229499936104,-1.4221739769,0.342172920704,-0.250450849533,-0.319450259209,-0.622336626053,-0.500950038433,0.141305923462
23244,1.43899989128,1.06200003624,0.669680893421,1.22052741051,0.151050016284,1.02830207348,0.193805783987,-0.557035624981,0.918575227261,0.199701756239,0.429049968719,0.394436895847
7494,-0.710599958897,-0.474750012159,-1.17113649845,-0.121126838028,-0.660349965096,1.3979742527,0.969650387764,1.32843661308,-0.486538410187,-0.254773020744,0.314249992371,-0.801815152168
4836,-1.20799994469,-0.821449935436,0.573921084404,0.871832787991,-0.298500001431,-0.591555953026,0.53964972496,-0.0189551413059,-0.63397693634,0.738675951958,-0.506299972534,-0.278381705284
23647,-0.101099997759,-0.874950051308,-1.08345079422,-1.32475709915,-0.646350026131,0.896615147591,-0.200645670295,-0.112286217511,0.721053481102,-0.495362818241,0.0372000038624,-0.449578881264
10617,-0.997349977493,-0.716949999332,-2.62762355804,-0.411505639553,-0.683250010014,0.684104144573,-0.0253225117922,1.09457075596,-0.220861807466,0.368800997734,-0.230900004506,-0.32643198967
2184,0.254299998283,0.0277999937534,-0.18072077632,0.100377440453,-0.443100005388,1.15120482445,0.512347340584,-0.0178580284119,0.459555178881,-0.381923675537,0.534550011158,1.35898041725
5355,-2.15110015869,0.320399999619,-0.304404109716,-0.728699743748,-0.751649975777,0.045811124146,0.207127302885,-0.0920417010784,-1.07884192467,-0.341176450253,-0.502200007439,0.103240080178
6659,-0.332500040531,0.102200008929,-0.413406163454,0.0286960452795,-1.01974999905,-0.0186622682959,1.30869376659,-0.308481574059,0.526307582855,-0.0955265164375,-0.00860002636909,0.512267231941
7016,0.534400045872,-0.626700043678,0.101586684585,0.899635016918,0.698350012302,1.13939249516,0.970733463764,0.256136417389,-0.636147022247,-0.321767598391,0.158149987459,0.173858970404
90861,-1.31069993973,-0.510800004005,-1.05351865292,-1.04922783375,0.0901999995112,0.233144968748,-0.244823724031,-0.542516052723,0.429893314838,-0.414514154196,0.0110499858856,-0.594923973083
10670,-0.532999992371,-0.495499998331,-1.05864310265,-0.167774498463,-2.35004997253,0.424452573061,-0.159868434072,-0.176983773708,-0.0131791234016,-0.699540317059,-0.310500025749,-0.180341690779
79071,1.16939997673,1.49274992943,-0.0480898916721,-0.101176768541,0.611600041389,0.0422696024179,0.248533070087,0.884186029434,-0.395576059818,-0.644802987576,0.209599986672,-0.000676274299622
64746,-0.978949964046,-0.548750042915,-0.293709874153,-0.361693650484,-0.574400007725,0.212486073375,-0.601666808128,0.174824163318,0.739851057529,-0.183736756444,0.592999994755,0.269245654345
5366,0.411050021648,1.19324994087,1.28202009201,0.578632235527,-0.577350080013,0.367944091558,1.24848127365,3.05983877182,-1.02028203011,0.269154131413,0.257550001144,0.206004530191
11344,0.39414998889,-0.263749986887,-0.846722722054,-1.47899198532,-0.438549995422,0.135316759348,-0.482825577259,-0.577062189579,0.200343489647,0.480202704668,0.32389998436,-1.06959545612
10013,-1.13960003853,-0.944800019264,0.260937184095,-0.424776911736,-0.322200000286,0.190989404917,0.216994792223,0.0912425518036,0.457844734192,0.0445386059582,0.0506000071764,0.825569629669
5829,-0.570950031281,0.231199979782,-0.569173038006,-0.335755854845,-1.0094499588,-1.07545816898,1.22828841209,0.354498535395,-0.181497782469,-0.0292372852564,-0.831149995327,-1.94191873074
5257,0.170550003648,-0.979349970818,-0.84651863575,-0.234483793378,-0.547850012779,0.0996611565351,0.233045384288,-0.730862498283,0.263198912144,-0.499586969614,-0.241750001907,-0.0313185416162
22794,-0.198449999094,-0.446399986744,-0.459378033876,-0.152019649744,-1.089599967,0.479979217052,0.0890336632729,0.229563623667,0.600240826607,-0.399126082659,-0.37064999342,-0.542958498001
9761,-1.95500004292,-1.97060000896,-1.4791162014,-1.23355412483,-0.852200031281,0.0299331918359,-0.226657897234,0.752191305161,0.493887126446,-0.719048500061,0.127250000834,-0.297519594431
23326,-0.579150021076,-2.14715003967,-1.15790593624,-0.426527142525,0.129150032997,-1.20628118515,0.199366942048,0.832431316376,1.56893754005,0.253242641687,-1.42595005035,0.968425989151
10972,0.178700014949,-0.176550000906,-0.763213932514,-0.172366410494,-0.812900006771,-0.012833754532,-0.781743049622,0.0274925529957,-1.01881670952,-0.894778013229,0.476799964905,-0.680614888668
10523,0.984099984169,-1.64380002022,-1.39167070389,-1.25814294815,-1.04999995232,-1.02448225021,-0.621841430664,0.0483335480094,0.366207033396,-0.963828921318,-0.20015001297,0.162734270096
79090,0.0673500075936,0.814649999142,0.128010779619,-1.81464707851,-0.0521999895573,0.00324288010597,0.736449241638,-0.703298926353,-1.36342513561,0.262411266565,0.812299966812,0.247746199369
27032,0.775399982929,-0.243449985981,0.861085236073,-0.647347450256,-0.960850000381,0.79787248373,0.0919570848346,-0.0903318673372,-0.613697171211,-0.1247548908,-0.042199999094,-0.366609871387
9097,0.0823000073433,-0.137799993157,0.667275488377,-0.69633436203,1.63244998455,1.17419064045,0.172596395016,-1.05046844482,-0.566014051437,-0.0760952681303,0.252399981022,-1.41470813751
10513,0.552250027657,1.58365011215,1.29207777977,-0.630084514618,0.571500003338,0.158573523164,1.65501141548,-0.736520946026,1.66343259811,0.0922951549292,0.0530500113964,0.873112797737
1891,1.65899991989,-1.65939998627,0.0463698804379,-0.14330984652,1.7241499424,-0.141488075256,-0.204596549273,1.30470097065,1.26748919487,0.388665318489,0.0867999792099,0.235658720136
3066,-0.386649996042,-0.233300000429,-0.542811512947,-0.473217785358,-1.58310008049,1.01592671871,-0.447226881981,-0.449116915464,0.549046516418,0.096184797585,0.366899967194,-1.28401839733
9801,-1.87039995193,0.229449987411,-0.549196720123,-0.291697084904,-0.892450034618,-1.20012533665,-1.20302438736,-0.417228877544,-0.420741438866,-0.531890690327,-0.100650012493,-1.05799746513
1459,-0.0554500073195,0.737200021744,0.544829785824,0.694261968136,-0.21075001359,0.212650090456,0.32371366024,1.15830540657,-0.698970317841,-0.00793319940567,1.62049996853,-0.0668185353279
9703,0.500949978828,-0.628250002861,-1.33719730377,-0.216514259577,-0.576950013638,-0.141958966851,-0.00676140189171,0.117225438356,1.61263525486,-0.0339290201664,0.0983500033617,-0.0890138298273
10606,-0.123249992728,-1.13269996643,0.730707705021,-0.204989254475,0.733099997044,0.186507761478,-0.501231431961,-0.407505571842,0.334769755602,-0.514321625233,0.669000029564,-0.500083506107
1017,-0.925849974155,1.12170004845,-0.0652935504913,0.0914175957441,-0.622400045395,-0.598534584045,-0.0385990738869,-0.500910639763,-2.32349348068,-0.990363240242,-0.590250015259,0.725502312183
9813,0.665549993515,1.3056499958,-0.552549898624,0.909614145756,-0.858799993992,-0.113607876003,1.55706942081,0.908796072006,-0.505359649658,-0.834131836891,0.512849986553,0.0413104891777
7485,-0.414699971676,0.756900012493,-0.620920658112,0.782387733459,-0.48109999299,-1.16504454613,-0.97060072422,-0.609133541584,0.134000331163,-0.266878008842,0.264250040054,0.0843358337879
2109,0.190450012684,-1.08224999905,-3.01113891602,-0.947744846344,-1.4360499382,-0.554497718811,-0.662548243999,1.2910284996,0.878626704216,0.675999999046,0.322349965572,0.706116139889
23271,1.29044997692,0.840200006962,0.812704861164,0.392006725073,1.39619994164,0.47640734911,0.754161715508,-0.161434128881,-0.32228064537,-0.938651502132,0.0441000014544,0.301812618971
9915,-0.53409999609,-0.956699967384,-0.94046998024,0.420671761036,0.844200015068,0.435855686665,0.701520502567,0.350844711065,-0.867197036743,-0.754362046719,0.789849996567,0.559360861778
9552,-0.117900013924,-2.22915005684,1.08647727966,-0.113282889128,0.92325001955,-0.438676387072,-0.493448793888,-0.375304639339,0.0251067429781,-0.700560629368,0.0605999976397,-0.303044855595
93487,-0.709450006485,-0.210850015283,-0.938567399979,-0.885413885117,-0.927399992943,-0.975179791451,-1.42545640469,1.59728002548,0.000422440469265,-0.564821124077,0.246499985456,-0.505804896355
2956,0.283050000668,0.0457500033081,0.284373492002,-0.00458795204759,0.285450011492,-0.535426259041,-0.513478755951,2.37549161911,0.19868940115,-1.43158626556,0.39690002799,0.231023192406
11065,0.674549996853,-0.18029999733,-1.22310781479,-0.774651885033,-0.863049983978,0.046537257731,-1.15323829651,0.135590583086,0.546876966953,0.215407848358,-0.234350010753,0.874571502209
9653,0.0241499990225,2.27609992027,0.179355561733,0.955364823341,0.69479995966,0.251064568758,-0.337260752916,-0.0826815068722,-1.66059422493,-0.456944555044,0.580549955368,0.383828490973
200081,-0.362949997187,-1.13339996338,-1.48595547676,0.0885659456253,-0.807699978352,0.830814182758,0.798065125942,0.274434328079,1.53265655041,0.440250635147,0.419200003147,0.96768206358
3337,0.106949999928,-0.820999979973,-0.793068289757,0.947528541088,-0.445149987936,-0.582046151161,-1.20037782192,-0.23291233182,-0.204921796918,-1.28609502316,-0.0708499997854,0.200163334608
11073,0.358049988747,0.172150015831,-0.441589891911,-0.0619718804955,0.839650034904,1.09034967422,-0.0935326814651,-0.198573946953,-0.304212331772,-0.617496848106,-0.076700001955,0.267898052931
23,0.526100039482,-0.104250013828,0.557591795921,-0.65022778511,-0.0623000115156,-0.51252579689,0.077014669776,-0.474336385727,-0.908989191055,-0.122689306736,-0.179550006986,-0.102822601795
5641,-1.34419989586,-1.37604999542,-1.24206984043,-0.910051584244,0.0794500112534,-0.702082931995,0.146943628788,-0.85809803009,-0.186862438917,-0.921631813049,-0.231399983168,-0.660041093826
8720,-0.288749992847,1.96119999886,1.1622774601,2.06274151802,0.546949982643,-0.705034852028,0.321452021599,0.108560934663,0.439813137054,-0.638629674911,-0.540799975395,-0.804436683655
10782,-0.0410499870777,0.381500005722,-0.101273208857,0.572318792343,0.114849999547,0.69000774622,-0.434847474098,0.364446431398,-0.783889830112,-0.0306947082281,-0.281399995089,-0.395371466875
25932,-0.242500007153,4.95305013657,-0.277888566256,0.404357969761,0.520799994469,0.882258415222,1.91484761238,2.86649990082,1.85392713547,0.345769256353,0.66479998827,-0.999299049377
3028,0.894050002098,-0.241849988699,-0.31331512332,-1.61446118355,-0.823700010777,0.455108880997,-1.66660809517,-0.211907118559,0.319313555956,0.0873320400715,-1.47189998627,-0.275994122028
6804,2.20195007324,0.129449993372,-0.258946716785,-0.516700029373,0.00635001063347,0.370550870895,0.285595208406,0.201365843415,0.273604750633,0.183580130339,-1.34019994736,-0.456887900829
890,-0.386700004339,-1.06014990807,-0.370421350002,-0.71509706974,-0.62760001421,0.154669687152,-2.13065004349,-0.731529712677,-0.494804918766,-0.310312241316,0.0567000061274,-0.299304902554
6390,-0.153049990535,-0.850849986076,-1.0449719429,-0.764497041702,-0.202649995685,-0.128852859139,-1.61012291908,0.267566800117,-0.196557983756,-0.737884283066,0.140150010586,-1.3405175209
4303,-0.232850015163,0.37705001235,-1.35845422745,-0.515785932541,-0.632899999619,0.333821326494,0.275766402483,-0.399276942015,-0.574083924294,0.824683785439,-0.116050004959,1.10707068443
10953,0.448300004005,-0.151450008154,-1.40535283089,0.0108979344368,-0.737800002098,0.0824416577816,0.421803385019,0.673946619034,1.56636404991,-0.18092662096,0.420649975538,-0.069605410099
22889,-0.236550033092,-0.497049987316,0.94230556488,0.593778848648,0.519550025463,-0.0213321130723,-1.48649144173,1.40965569019,0.156530275941,-0.400596022606,-0.46954998374,0.109564453363
3098,-0.0486000031233,-1.93444991112,-0.290741741657,-1.02860915661,-1.25184988976,-0.834083735943,0.554039955139,-0.618301868439,0.982963562012,0.125052630901,0.19794999063,-0.188778281212
11044,-0.174950003624,-0.146899998188,0.000629119575024,0.228640720248,0.837650001049,0.236137971282,0.587854027748,0.576251626015,-1.04655361176,-0.863412380219,0.51189994812,0.386132508516
8985,-0.196500003338,-0.56299996376,-0.934181928635,0.707554996014,0.607800006866,0.785580635071,1.43002188206,0.763266444206,0.550240397453,-1.19740998745,1.01579999924,0.153002947569
66008,0.696999967098,0.482149988413,-0.113074012101,0.105660058558,0.0610499978065,0.00111546367407,2.05852627754,0.634269356728,1.76016187668,-0.139412164688,-0.179800003767,-0.689587891102
9217,-0.401849985123,0.537050008774,0.0825551003218,-0.488725632429,-0.520899951458,-1.43209302425,-1.43327140808,0.164113491774,-0.0112572088838,-0.924109697342,0.927399992943,-1.03845357895
701,0.487949997187,0.941500008106,0.238411709666,0.79633551836,1.26530003548,0.149541631341,0.234732091427,-1.28591656685,-1.17857706547,-0.576771914959,-0.752450048923,0.428392380476
6182,0.000999999931082,-0.00540000014007,-0.952917039394,-2.62652635574,0.0,0.187142685056,-0.615314185619,-0.340843319893,-0.215081766248,-0.59244197607,0.217550009489,-3.09042549133
4860,-0.0908000022173,-0.153449997306,-0.236610159278,-0.0601132549345,-1.03795003891,-3.02405405045,-0.954219698906,0.0444982349873,-0.220849871635,0.446153849363,0.215149998665,-0.602030277252
7398,-0.212699994445,-0.347100019455,-0.771699428558,1.99692225456,-0.983099997044,-0.0817056670785,-0.259911060333,0.251321792603,0.822769999504,0.131262272596,0.272950023413,0.460897862911
6117,-0.372600018978,-0.986450016499,-0.50855833292,-0.641447424889,-1.33625006676,-1.09211361408,-0.841274261475,0.100401625037,0.525653541088,0.23127451539,-0.515799999237,-0.141184046865
23588,-0.358300000429,-0.894000053406,-1.54127573967,-2.06522202492,-0.58520001173,0.0485566481948,-0.837295651436,0.333410799503,-0.727878510952,0.329847216606,-0.505849957466,0.632036209106
949,-0.354749977589,-0.0703499987721,-0.942567706108,-0.791599869728,-0.433649986982,-1.15675318241,0.307601839304,-0.515953540802,-0.60896396637,-1.33000898361,-0.0760000348091,-2.05323648453
7168,-0.27325001359,-0.834949970245,0.00977113097906,0.0200742930174,-0.767949998379,0.201116234064,1.16463315487,-0.668006598949,0.262893140316,0.388668715954,0.528100013733,-3.17469930649
9375,0.571850001812,0.369299978018,-1.43839526176,-0.0604847669601,-0.379850000143,-0.281862765551,-0.746370017529,0.62146794796,0.681770503521,-0.321368962526,0.555400013924,0.260685056448
4927,-0.0792999565601,-0.821750044823,-0.413484930992,-1.25903058052,0.0351999998093,-0.308107346296,-0.928107917309,-0.864983081818,-0.0941068679094,-1.32728147507,0.41969999671,-2.23383116722
2523,0.548799991608,0.342749983072,1.34674036503,-0.263425111771,0.027949988842,-0.35711067915,0.200031802058,0.172380566597,-0.035521030426,0.135203897953,-0.381749987602,0.416718095541
58497,-0.146249994636,0.508650004864,1.06693792343,-0.472050994635,0.192599982023,4.11841964722,-0.658085525036,-0.608013212681,3.36158394814,0.120437428355,-0.522199988365,-0.00458452105522
6856,-2.31434988976,0.268299996853,-0.53934019804,-1.40694224834,-1.4498000145,0.0308092311025,-0.750560045242,-0.164935916662,0.0514668822289,-0.834334731102,0.203199982643,-1.52665126324
26036,-0.659049987793,1.7826499939,0.22779943049,-0.621512234211,-0.991850018501,-0.370477378368,0.390492618084,1.73545718193,-0.452265620232,0.228534623981,-0.672699987888,0.692882537842
10206,0.424750000238,1.41639995575,0.8185557127,0.386949628592,-1.2267999649,0.75867575407,0.290351301432,-0.089339107275,-1.0033519268,-0.0835474133492,0.0611000061035,0.195316448808
25793,0.128149986267,-1.11790001392,-0.557821631432,-0.174597084522,-1.13134992123,-0.915121018887,0.33603361249,0.0180804878473,1.69309926033,0.0649503692985,0.0924499928951,0.191181525588
55556,-1.12650001049,0.391349971294,-0.518373847008,-0.0658940449357,1.34940004349,0.700716733932,0.0356525145471,0.485226482153,0.0909944176674,0.542828857899,1.01415002346,-0.10853895545
3978,-0.597149968147,-0.360949993134,-0.397411853075,-0.601525366306,-1.41549992561,-0.311488002539,-0.802784264088,-0.861384391785,-0.0423998981714,-0.205662310123,0.136250004172,0.103930346668
10681,0.267899990082,0.0745999962091,0.854730963707,-0.112839132547,-0.375549972057,-0.530712366104,0.570729315281,-0.251809716225,-0.900851130486,-0.353790551424,0.147049993277,-0.65761256218
3638,0.0219999998808,-1.54914999008,-0.949361979961,-0.150671988726,-0.166349977255,-0.965217351913,-0.2091807127,-2.16330075264,-2.02909445763,1.31017565727,0.701849997044,-0.656450688839
8349,0.198599994183,0.396050006151,0.815901637077,1.95935797691,0.585850000381,1.39611792564,0.638607561588,-0.0735290497541,-0.0030290260911,-0.0255404487252,0.757550001144,0.761888980865
6275,-0.142100006342,-0.954649984837,-0.159357607365,-1.25736248493,-0.277499973774,0.632366657257,-0.848369657993,-0.611216068268,-0.759789407253,0.134425058961,-0.141900002956,-0.0746387094259
3895,-0.565550029278,0.30189999938,0.133189544082,-0.795347809792,-0.871050000191,-0.669090151787,0.262458562851,-0.439438253641,-0.481947541237,-0.867675840855,-0.236449986696,-0.295410186052
392,1.00414991379,0.757950007915,1.41460764408,-2.95770263672,0.933200001717,-0.287664294243,0.244640022516,0.621719956398,0.972516775131,0.300229877234,0.477699995041,0.463881194592
9170,-0.545050024986,0.0105499923229,0.866026520729,-0.197480231524,0.533249974251,1.6107391119,1.09361839294,0.34864744544,-0.0010007917881,-0.654576420784,0.0964999943972,1.56141924858
80347,-1.49650001526,-0.105800002813,-2.38013935089,-0.247716650367,-1.07700002193,1.03744184971,-2.28887033463,0.227745354176,0.150321289897,-0.222771435976,0.492849975824,0.0660978704691
23300,-0.129250004888,-0.2486500144,-0.214993178844,-0.484285980463,-0.716850042343,-0.712720632553,0.469171255827,0.135413691401,0.602399647236,-0.578369021416,-1.73475003242,0.683750808239
836,-1.0517500639,-0.76835000515,1.32407522202,0.0176193416119,0.327650010586,0.402644574642,0.593679666519,-1.0375906229,-0.271846055984,-0.221915245056,-0.174400001764,-1.54178404808
11188,-0.150250002742,-0.900750041008,0.884195744991,0.669172763824,0.0496499985456,0.197997927666,0.0548855662346,0.139815747738,0.156795471907,-0.77665245533,-0.280950009823,0.552830219269
10898,-1.46294999123,-0.36669999361,-0.461386293173,-0.654548883438,-0.653200030327,1.06567120552,0.979830980301,0.315593123436,0.331018447876,-0.568513214588,-0.172349989414,0.259047329426
9276,-0.68774998188,0.794250011444,-0.295362710953,-1.20539712906,-1.39734995365,0.678035736084,-0.519721627235,-0.871488928795,0.20358748734,-0.496906191111,-0.193949997425,-0.540206968784
1647,0.622250020504,-2.23114991188,0.352954864502,0.343027532101,-0.166849985719,0.374355047941,1.68157243729,0.690131306648,-0.13701339066,-0.121505469084,0.0159499943256,-1.32109081745
10285,0.513800024986,-0.340999990702,-0.253410249949,-1.40189051628,0.872900009155,-0.40749078989,-0.777926146984,-1.14562010765,-0.736134529114,0.122928760946,0.427249997854,-0.585576057434
23386,0.343100011349,0.586000025272,-0.0966636836529,-1.46245670319,-1.27300000191,-0.109509848058,0.973073244095,-0.197776436806,0.603685617447,0.519076764584,0.191249996424,0.468264877796
3156,-0.999800026417,-0.0638000071049,0.933467507362,0.38710346818,-0.769400000572,-0.029351003468,-0.141119301319,-1.28018629551,-0.423585057259,0.250409960747,0.0310999751091,0.432359278202
10237,1.06505000591,0.990750014782,-1.27254724503,-0.426587313414,-0.209549993277,1.44625258446,-0.735460400581,-0.929716646671,1.21893572807,0.127680331469,-0.0512499958277,-0.140490889549
7077,0.405649989843,0.573549985886,0.457026362419,1.37057256699,1.06844997406,0.522508919239,0.0587539970875,-0.365878760815,-0.46341997385,-0.210578903556,0.396399974823,1.29958176613
11157,0.480749994516,0.370999991894,-1.04851555824,-0.908142030239,-1.12954998016,0.467233985662,-0.0552226901054,-0.216534942389,0.304608970881,-0.851306200027,-1.06219995022,-0.33263617754
22908,-1.07109999657,0.0108999609947,1.04072570801,-0.293916910887,-0.218899995089,-0.73001241684,-0.980711579323,-0.880392730236,-0.0389188826084,-0.297490745783,-0.282100021839,-0.603940665722
10915,-0.00235000252724,-0.48710000515,-1.47567105293,-1.12061929703,-0.911000013351,-0.726443052292,-0.581560313702,-0.781346559525,0.484661370516,0.104797393084,0.299950003624,-0.537483215332
9897,1.19620001316,0.424499988556,1.28328752518,1.16052997112,0.8179500103,1.44914162159,0.930001378059,0.601594209671,-0.073199622333,0.628935337067,-0.676299989223,1.28364145756
1759,-0.821650028229,-0.754649996758,-0.517882585526,0.36034783721,-0.301800012589,-0.58225017786,-0.612964749336,0.0835655704141,0.7758487463,-0.515088260174,0.0985000133514,0.148910522461
54541,-1.00480008125,-0.802049994469,-0.184013187885,0.150749400258,0.48400002718,2.61939692497,4.93163490295,5.04160118103,3.93882036209,2.1259188652,-0.268500000238,-0.006667137146
211,0.526950001717,-0.250849962234,0.751723051071,0.716311097145,1.8764500618,0.464015454054,-0.0957771092653,0.473512649536,-0.129091560841,0.171164065599,0.0151500105858,0.893370866776
5048,0.491299986839,0.55034995079,1.07636713982,0.911225676537,0.911499977112,1.00386691093,1.05391049385,0.502006649971,-0.58143222332,-0.420434474945,-0.551050007343,0.677610933781
84722,0.775850057602,0.147100001574,0.655118882656,1.00306522846,-0.136599987745,1.29733157158,0.100817754865,0.153001800179,-1.02211391926,-0.20518809557,0.36495000124,-0.0801852196455
29890,-0.446999967098,0.0307500064373,0.661862909794,-0.124713510275,-0.556450009346,-0.302795678377,-0.204599618912,-0.0838003754616,-0.902131199837,-2.52407932281,0.0995500087738,-0.273037910461
9868,0.563899993896,-0.0576000213623,-0.742590665817,-0.911394238472,-0.313400000334,-0.239912822843,-0.105373263359,-0.728532791138,-0.871816039085,0.250155359507,0.229249998927,-0.838709771633
873,0.310599982738,-1.18900001049,-0.143064916134,-0.397503167391,-0.831600010395,-0.0456115752459,-0.468701601028,-0.434465140104,-0.0783817917109,-0.0242302417755,-0.313099980354,0.544319212437
5580,-0.566100001335,2.21654987335,-0.459379643202,-0.292211055756,-0.115300014615,0.409460753202,0.0167228132486,-0.155253589153,-0.0603791102767,0.144938528538,-0.0867500007153,-0.738092780113
3725,0.95015001297,-0.161300003529,0.768060445786,0.243380904198,0.0185500085354,0.304838627577,1.17387104034,-0.739429414272,-0.637714207172,0.337659478188,-0.782299995422,-1.7550163269
23585,0.308499991894,-0.573300004005,-1.24864494801,0.0517228841782,-0.294700026512,-0.753067195415,-0.0280261337757,0.0615642815828,-0.516062676907,-0.367367446423,0.0563499927521,0.877184569836
51097,-0.838949978352,0.254449993372,0.0644980370998,-0.814197719097,-1.13100004196,-0.268277108669,-0.0469672977924,0.810362458229,-0.149023234844,-0.0631638616323,-0.0427500009537,-0.467216402292
1831,0.14770001173,1.93219995499,0.40294650197,0.557501316071,-1.12409996986,0.152359589934,4.31067609787,2.15331339836,2.49518346786,-0.23301410675,-0.0495000183582,0.650480389595
7020,0.756449997425,0.0319500043988,0.310500502586,0.597732365131,0.26985001564,1.98598730564,1.14159798622,0.714710354805,-0.428686618805,-0.000377614051104,0.276949971914,0.808882713318
55893,0.346300005913,0.486800014973,0.147539198399,0.0975519120693,-0.160250008106,0.33277156949,0.752194523811,0.151419460773,-0.665020823479,-0.695598900318,0.0143999755383,1.00409591198
6944,0.201800003648,0.146899998188,0.298463284969,0.912429153919,0.557899951935,1.01534461975,0.880305051804,0.349653422832,0.166317105293,-0.0296347513795,-0.0735500156879,1.2519595623
22883,-0.181500017643,0.355000019073,-1.79364919662,-0.478761076927,-1.74189996719,-1.37950325012,-0.355176866055,-0.298544287682,0.153545051813,0.0419062674046,0.0892500281334,0.459085911512
5601,0.253300011158,0.874599993229,0.597672462463,0.0545855611563,0.370650023222,0.231233581901,0.785477697849,1.54312646389,-0.697897315025,-0.768668651581,-0.155149996281,-0.0658473968506
10775,0.0453999973834,0.522399961948,-0.593765199184,-4.40885829926,-1.34270000458,0.738188743591,-2.04506254196,-0.0832169950008,-0.625605821609,-0.24960963428,0.159550011158,-0.437076836824
4780,-0.883700013161,0.599349975586,0.784048080444,0.486321389675,-0.204099997878,0.394795775414,-0.773233115673,-1.76551628113,-0.884104847908,0.1970423311,0.328900009394,0.05725453794
10904,-0.191750004888,1.74545001984,1.43580245972,-0.328769862652,0.336100012064,-0.646173357964,0.0924460142851,-0.665731966496,0.564431190491,0.115343794227,-0.284399986267,-0.461763560772
9917,-1.29629993439,0.390850007534,1.54858052731,0.11412627995,0.0622499585152,-1.44994604588,0.694705605507,-0.526759207249,-1.26852273941,3.42774629593,0.142299979925,-0.123146638274
1399,0.474600017071,-1.20700001717,-1.02349829674,-1.39190924168,-0.114299997687,-0.294361561537,-0.134954810143,-0.519373953342,-2.0092716217,0.8701171875,-1.60069990158,-0.508850991726
24149,0.541800022125,0.435600012541,-0.919091463089,0.121166087687,0.408149957657,-1.67441344261,0.239177808166,-0.256621956825,0.109661132097,0.136475533247,-0.691749989986,0.709271907806
2222,0.643499970436,-1.05855000019,-1.74799454212,0.378719627857,-0.278549969196,-0.114795736969,-0.685658335686,-1.06415164471,-0.721765160561,0.267205446959,0.0451499819756,0.3890812397
10131,-0.569649994373,-1.38135004044,-0.932712674141,-0.675991594791,-0.198400020599,0.777021348476,-0.824564397335,-0.565963625908,0.437004566193,-0.0451795347035,-0.677049994469,-1.50446414948
2958,-0.219950005412,-0.950749993324,0.344247937202,0.44345036149,-0.159950017929,0.0324610956013,-2.59023189545,-0.944251775742,-3.02112627029,-0.595914363861,-0.354450017214,-2.15801143646
9650,0.0127499997616,-0.365950018167,0.122431695461,0.13937920332,-0.42974999547,0.679315030575,0.575253605843,-0.0589879006147,-0.575308442116,-0.221089780331,-0.248999997973,0.624663472176
7319,0.172199994326,0.873299956322,0.242251753807,-0.2572029531,-0.528800010681,-0.703008830547,-0.700509905815,0.0698132365942,0.299333631992,-0.162103921175,0.250849992037,-0.452937245369
4817,0.282449990511,-0.694850027561,0.0329065918922,0.33245909214,0.48765000701,0.796457767487,0.13814085722,0.400264799595,-1.09559500217,-0.330824613571,-0.260849952698,1.1899305582
9143,-0.301849991083,-1.76944994926,-0.601082265377,-0.580932021141,0.349099993706,0.524676859379,0.684324502945,0.151376649737,0.558287918568,4.4838476181,0.647650003433,-0.433281123638
10494,-0.176449984312,-2.48445010185,-1.09197425842,-0.5934227705,-0.186200007796,-0.313941448927,0.281214952469,-0.0280593782663,-0.324848294258,0.704501867294,-0.465450018644,-1.32370817661
55324,0.460500001907,0.467949986458,0.178540438414,-1.26118075848,-1.54135000706,-1.36464500427,-0.0674198567867,-0.419995069504,1.23022305965,-0.561757087708,0.0828500390053,-0.0410141348839
23149,-0.750900030136,0.163499981165,-0.686534225941,0.196168243885,-0.831900000572,0.756266415119,-0.0910152196884,0.24073164165,0.724665939808,0.242383182049,-0.102550007403,2.07708072662
9943,0.210650026798,-0.0487000010908,-0.521771192551,0.652361750603,-0.533900022507,-0.546980977058,-0.745330989361,-0.264072954655,-1.94159960747,-0.162816166878,0.0300000309944,-0.592784464359
6599,-1.26870000362,0.528900027275,0.616719722748,1.13702726364,1.22360002995,-0.39359754324,-0.150784939528,-0.419893026352,0.481652528048,0.104967400432,1.00699996948,0.355744481087
51031,0.589749991894,-0.301050007343,0.263013243675,-1.69756257534,0.150600016117,-0.878789365292,-0.388659179211,-0.277679502964,0.427622616291,0.563014507294,-0.193549990654,-0.425385862589
3566,0.321749985218,0.431450009346,0.807209968567,-0.538068473339,1.17210006714,1.30037283897,0.959052801132,-0.61320579052,0.21796771884,-0.143186509609,0.284249961376,0.538290977478
3815,1.23860001564,0.284499973059,2.04539036751,0.912431836128,1.47985005379,1.25109958649,0.404042869806,0.341572135687,-0.312658786774,-0.126596838236,-0.611249983311,-0.0774455070496
8624,-0.343800008297,-0.0798499882221,-2.19266223907,-0.250814318657,0.0766499936581,0.324074745178,-1.01268827915,-0.326892793179,0.466772049665,0.134553447366,-1.68550002575,-0.824450194836
27346,-0.130599990487,0.116899996996,-0.00874605029821,-0.215981543064,0.347199976444,0.0466527864337,-1.32870137691,-0.532175242901,0.181913524866,-0.410955488682,0.566499948502,0.601857066154
10489,1.50975000858,0.99564999342,-1.29448509216,-0.718717634678,-0.409149974585,0.406401395798,0.714638411999,0.715551555157,-0.418790876865,-0.366434663534,0.531300008297,0.0200678408146
26128,0.836149990559,-1.24375009537,0.936259150505,0.20917314291,-1.32395005226,0.0247932299972,-0.777626752853,0.544584929943,0.239729419351,0.220333769917,0.338899999857,0.0696816146374
79921,-0.00310000777245,-0.266649991274,0.534921050072,0.287200063467,0.983899950981,3.36090755463,0.859125614166,0.203574374318,1.71034324169,0.583169817924,0.766950011253,-0.318984627724
55746,-0.133500009775,0.634649991989,0.614818871021,0.355644077063,0.689949989319,-0.402282774448,-0.301180183887,0.907506585121,-0.102445483208,-0.296354860067,0.680700063705,-0.735447883606
23636,-0.551249980927,-0.810400009155,-0.537948727608,-0.774650096893,-0.88529998064,0.468439102173,0.0646256804466,0.148138105869,0.717776477337,-0.0663383305073,0.401250004768,0.870057165623
10892,-0.499700009823,-0.215149998665,-0.142869487405,-1.18425929546,0.725000023842,0.321991890669,0.246116131544,-0.0334790088236,0.477433979511,0.168288618326,-0.101500034332,-0.130037218332
10652,0.229799956083,-0.742049992085,-0.270689159632,0.32783728838,0.165700003505,-0.0849833413959,-1.04031741619,-0.0228292942047,0.440901249647,-0.930659770966,0.340700000525,0.635655760765
11004,0.332650005817,-0.465700030327,-0.911394715309,-0.572209119797,-0.563000023365,-0.560673117638,0.481845676899,0.023171916604,1.54546117783,-0.690502166748,-0.145449995995,-0.383561223745
23530,-0.611999988556,0.302100002766,-0.782885074615,-0.71041727066,-0.873549997807,-1.29599535465,-0.115885093808,-0.524374246597,-0.290678262711,-0.230457484722,-0.114450007677,-0.256945103407
8826,1.78925001621,0.851450026035,1.40346646309,1.41327273846,0.108500003815,-0.285566926003,0.773535192013,0.503340065479,-0.543520629406,-0.474116563797,0.0558500289917,-0.337665855885
3308,0.289250016212,0.562900006771,-0.115057937801,0.313713133335,0.0627499967813,0.228042304516,-0.730366230011,-0.0128112286329,-0.442244976759,-0.937488794327,-0.0872999429703,0.335229307413
7153,-0.935399949551,-0.00195000320673,-0.0607663393021,-0.14192904532,-0.0120999999344,-1.47416651249,-0.722321271896,0.514354169369,-1.42903387547,-0.606855690479,-0.328850001097,0.0895132571459
11041,-0.071850001812,-1.68844997883,-1.30141830444,-2.1856098175,-1.06945002079,1.42217600346,-0.899804830551,0.103565990925,0.368446588516,-0.168191879988,0.049899995327,0.306847900152
6342,0.574599981308,-1.08885002136,-0.899312376976,-0.00895914435387,0.801250040531,1.3900295496,-1.30869042873,-0.445765584707,0.736348807812,-0.400376737118,-0.064749956131,0.285308897495
5883,-0.0413499772549,-0.78409999609,-0.572422027588,-0.132001072168,-1.22849988937,-0.766469120979,-0.730421900749,-0.966030240059,-0.00161783210933,0.401198089123,0.216299980879,0.556810319424
10589,-0.722800016403,-1.57660007477,-1.56958866119,-1.56393611431,-1.1970499754,0.463706046343,0.0712174028158,-0.205035865307,1.14743506908,-0.116451069713,-0.0332500040531,0.0948603078723
5110,-0.394299983978,0.190949991345,-0.587309837341,-1.21220266819,0.148799985647,-2.25342130661,-1.05447483063,0.595687806606,-0.0304890424013,0.71744376421,-0.0987499952316,-0.492515265942
4609,-0.728749990463,0.0139999985695,-0.860034584999,-0.740773677826,-0.588450014591,-0.071373090148,-0.366841882467,-0.664116740227,-0.179553091526,1.29324615002,-0.811699986458,-3.20732545853
5423,-0.405950009823,-1.02950000763,-0.40669298172,-0.210918664932,-0.0151999890804,0.375786483288,-0.200890570879,0.252596020699,0.0553969144821,0.186288133264,0.126650005579,-0.210454076529
1070,1.11349999905,0.480700016022,1.15010619164,1.05472433567,0.289499998093,0.543951630592,-0.288177937269,0.139609694481,0.122906923294,0.287031501532,1.28830003738,0.670733392239
10051,-0.180250003934,-0.462550014257,-0.303842246532,0.16079851985,-2.60844993591,0.936537802219,-0.170771047473,-0.334597051144,0.296140283346,0.292229264975,-0.110400006175,0.0541174560785
6603,-1.27020001411,-1.23154997826,-0.85474717617,-0.972299218178,0.278750002384,0.136675685644,0.46548396349,-0.303591400385,0.998999238014,0.0237828791142,-0.184149995446,-0.401467114687
9019,-1.37804996967,-0.126949995756,-0.0487188994884,0.406431049109,0.242100000381,-0.634955883026,-0.82070016861,-0.716653168201,0.424411535263,-0.71404916048,0.250549972057,0.323690801859
10969,-0.925000011921,-0.80009996891,-1.56803011894,-0.756617367268,-0.67919999361,0.489747315645,-0.0756380259991,0.10575042665,0.356380879879,0.0817138105631,0.158449992537,-0.568765163422
9797,0.535250008106,-1.20460009575,-1.41552948952,-0.241010993719,-0.815450012684,-0.563536942005,-0.907583355904,2.54626607895,1.44102692604,-0.319027006626,0.83109998703,-0.0870661139488
4043,-0.0393500030041,-2.00265002251,-1.08151710033,-0.405073672533,-1.19375002384,-0.133126094937,-0.152002945542,0.691218316555,0.753381848335,-1.01270914078,-0.0456999838352,0.336946815252
9519,0.70609998703,-0.25024998188,0.784917235374,-0.0360197424889,-0.571200013161,-0.304065346718,-0.992555379868,0.104399748147,0.326789259911,-0.0998461991549,-0.691849946976,-0.433947324753
8480,-0.501550018787,-1.05515003204,-1.57847833633,-1.59354782104,-0.443100005388,1.10017490387,-1.77684497833,0.360818624496,-0.456856548786,0.492771983147,-0.39620000124,0.301860749722
983,-0.450300008059,-0.938950002193,-0.508826613426,-0.655056595802,-1.41820001602,-0.149141535163,-1.06910347939,-0.283750325441,-0.50342643261,0.188080191612,0.683600008488,0.459772676229
10559,0.188449978828,0.326000034809,0.276105493307,-0.927856683731,0.915100038052,-0.276867777109,-0.00478585064411,-0.71281927824,-0.353787124157,0.604300320148,-0.754750013351,-0.880323290825
8508,-0.971549987793,-0.745149970055,-1.05616354942,-1.01718187332,-1.21749997139,0.159865856171,-0.536003291607,-0.203219547868,-0.0422234833241,0.891916155815,-0.149749994278,0.187558040023
9275,-0.065800011158,0.607200026512,-1.02963662148,-0.661836564541,-1.55260002613,-0.834768950939,-0.368341177702,-0.6530200243,0.361410021782,-0.140189707279,-0.262250006199,0.143330290914
8914,-0.403249979019,0.602349996567,-0.0900320112705,0.243503138423,-3.16534996033,-0.758604764938,-0.331021547318,-0.161960378289,0.0161975100636,0.187951058149,-0.544499993324,0.375720888376
54505,0.801249980927,2.52710008621,1.85353040695,4.477414608,0.897300004959,-0.678706407547,-0.571216464043,-0.0597147941589,0.015248708427,0.747929930687,0.445549964905,-0.319375753403
6919,0.0719000026584,0.50830000639,1.06651544571,-0.131426200271,1.08275008202,1.07512307167,1.20839869976,0.783332526684,0.23380535841,-1.41114604473,0.362450003624,1.27755141258
2274,-0.758049964905,-1.65464997292,-1.07615149021,-0.7817248106,0.290849983692,-0.537283062935,0.28214764595,0.123179972172,-1.13316750526,0.0581360757351,5.17119979858,-1.12491321564
2288,-0.297199994326,-0.00170000002254,-0.142683938146,-1.36770105362,0.00065000000177,0.0454877689481,0.613664805889,0.322270452976,-0.781509280205,-1.14005804062,-1.70714998245,-0.210886567831
7994,-0.202100008726,-1.19449996948,1.05692911148,0.301227599382,0.642599999905,-1.34144473076,0.0570990741253,-0.0828595161438,-0.25194606185,0.203155934811,-0.53125,0.0798243135214
4216,0.156450003386,0.0712499916553,0.132441282272,-0.491513758898,-1.04995000362,-1.49081778526,-0.43093585968,-0.142911970615,0.314367890358,-0.013879597187,-1.15915000439,-1.20007121563
7538,1.07980000973,0.198449999094,2.31575083733,-0.135927289724,1.41180002689,1.29253864288,0.466184139252,-1.28231954575,0.440009117126,0.64556145668,-0.106700003147,-0.0314844846725
3628,-0.324900001287,-0.529150009155,-1.09633338451,-0.545821726322,-2.27775001526,0.170077577233,0.774034142494,-0.351190149784,-0.272188067436,0.270139276981,0.0298999994993,-1.08888363838
2037,-0.0118999928236,1.81889998913,-0.656607151031,0.741897642612,-0.913849949837,-2.53777718544,-1.35059762001,3.8343911171,-0.144989877939,-1.69896030426,-0.471099972725,-0.202268898487
2771,0.463400006294,-1.11975002289,-0.991658866405,-0.506023526192,-1.91824996471,0.42328736186,-0.092339515686,-1.35117220879,0.582758307457,-0.309001803398,-0.384099990129,-0.294579982758
7264,0.152999997139,0.42769998312,-0.363691419363,-0.317738115788,-0.719099998474,-0.747120261192,-0.144298940897,0.0142706558108,0.627548635006,-0.211603343487,0.807250022888,0.187414839864
1786,0.329449981451,0.109450004995,0.232358366251,-0.78505384922,0.14359998703,-0.535434365273,0.89047908783,-1.13569796085,-1.03999209404,0.191376924515,-0.264949977398,-0.260355591774
5873,0.345750004053,1.19229996204,0.509799957275,-0.117750763893,0.817349970341,0.0160909369588,-0.0188497304916,-0.415344834328,-1.42523765564,0.185719788074,0.0740000009537,-0.624409556389
780,0.370100021362,0.977499961853,0.820073008537,-0.155413359404,0.193450003862,-0.499523133039,0.244534820318,-1.02166628838,0.222868919373,-0.961654782295,-0.0935499966145,-0.122872799635
9926,-0.255849987268,0.00425000488758,-0.16834500432,-0.459910392761,-1.92744994164,-0.273885428905,-0.198873788118,0.785450458527,1.13457047939,0.493425518274,-0.478749990463,-0.666892826557
8446,0.576499998569,0.450699985027,0.945282518864,1.10347485542,1.16670000553,0.935216069221,0.677825808525,-0.48709833622,-0.602397382259,0.23596021533,0.127599999309,1.25955069065
7159,1.21344995499,-0.437849998474,0.570852398872,1.18480587006,0.435249984264,1.1767295599,1.07764661312,-0.626842498779,0.341066420078,-0.760898828506,0.0542500019073,0.351787388325
1026,-1.3126500845,-0.365850001574,1.72411823273,0.841630637646,0.84399998188,0.109580948949,0.231819808483,0.763948202133,1.03743708134,1.17223584652,0.860599994659,0.100442662835
7082,-0.479250013828,0.77864998579,0.891957163811,0.402465075254,-1.07949995995,-0.803519904613,-0.593055188656,-1.6600805521,-0.120957478881,-1.00808632374,-0.565500020981,-0.988650918007
10058,0.353950023651,1.40335011482,-0.591117560863,-0.302567183971,-0.303450018167,0.200120553374,-0.0888108313084,0.226335734129,0.372978389263,-0.189151108265,0.0573999881744,-0.420161396265
10797,-0.377950012684,-0.214150011539,-1.01048851013,-0.224995791912,-0.248999997973,1.6390556097,1.36269259453,2.78140330315,2.79834985733,1.69967150688,0.661100029945,-0.981598615646
11230,-0.268499970436,-0.143250003457,0.238377660513,-0.845446169376,1.54354989529,0.416309893131,1.39180231094,0.0256191939116,0.820107996464,-0.125787883997,0.212849989533,0.641595184803
30836,0.195949986577,0.629250049591,0.619025468826,-0.222393810749,-0.586650013924,-0.430830806494,-1.08332705498,-0.531554996967,-0.829489350319,-1.38223910332,1.05079996586,-0.664151668549
27336,0.576300024986,0.965900063515,1.36958670616,0.943360984325,-0.0620999932289,0.574432849884,0.983055114746,-0.334357053041,-0.667193830013,-0.13630437851,-0.35379999876,1.28581166267
9918,0.424699991941,0.478450000286,-0.426870644093,0.496634602547,0.534449994564,0.133295953274,-0.278868973255,-1.27359449863,-0.363698273897,-0.829202890396,0.179999992251,1.20152437687
79073,-0.179149985313,-1.43424999714,-0.429361313581,-1.0649728775,-1.53324997425,-1.02712094784,-0.626614570618,-0.195134520531,0.0961879342794,-0.780697345734,0.388549983501,-0.598407328129
9688,-5.25435018539,0.812349975109,-0.165811002254,1.153621912,-1.39569997787,-0.283028453588,0.178260177374,-0.166450858116,0.47142586112,0.827379345894,0.0681999921799,0.239098891616
23659,-1.02635002136,-0.681099951267,-1.02808666229,-1.11220061779,0.32484999299,0.542757034302,0.574274599552,0.078989058733,0.218424648046,-0.527101039886,-0.0298500061035,-0.0718972086906
8396,-0.750850021839,-0.905749976635,-0.431498646736,-0.879605054855,-0.636000037193,0.240210026503,-0.755187988281,0.306056439877,-0.227384969592,-0.422238379717,-0.169349998236,-0.532452881336
23077,0.478600025177,1.28219997883,1.07482242584,1.46588087082,1.79975008965,-0.685766875744,-0.0580413937569,-0.602072238922,0.245029404759,-1.01278102398,-1.10815000534,-0.110519468784
10857,0.110749989748,-0.479400008917,-0.240012526512,-1.93983888626,-1.22469997406,-0.846697628498,-1.24371147156,-0.646980106831,-0.706182956696,-0.33816960454,-0.274349987507,0.799404978752
16,-0.0639500021935,0.252150058746,0.862854242325,-1.36210894585,0.0407500118017,0.0559855625033,0.864547610283,1.23789441586,2.75073218346,0.301596492529,-0.484450042248,-0.0457299798727
2817,0.75024998188,0.252200007439,1.30960345268,0.914361596107,3.25504994392,-0.105592355132,-0.797951042652,0.0625287592411,-0.804651260376,-0.290055632591,-0.225400000811,0.0670860931277
60528,1.00714993477,0.141849994659,0.134859248996,1.02445304394,-0.718649983406,-0.428356736898,-0.0646830797195,0.252821326256,-0.605611920357,-0.558147788048,0.0407000184059,0.0846187844872
5359,-0.424700021744,2.02824997902,0.546756088734,0.281246066093,0.113150000572,0.153518393636,-0.421140909195,0.641315460205,-0.741146802902,0.0858844667673,-0.369800001383,-0.808049798012
1514,-2.05675005913,-1.14384996891,-0.580333352089,-0.625611364841,-0.420599997044,-0.552583992481,-3.25491070747,-0.438283264637,-0.279892265797,0.189528733492,0.475149989128,0.281747788191
1509,0.913100004196,0.216550007463,-0.72243142128,-0.444385886192,0.474599987268,-0.17832262814,0.216893196106,0.51693046093,0.0691051483154,0.391328126192,0.419500023127,-0.130800321698
9181,-0.357650011778,-0.0438499897718,-0.656768083572,0.496440887451,0.165049999952,0.817089617252,1.23833250999,1.06457185745,2.62085008621,0.148775666952,0.722149968147,1.2743704319
3611,0.465649992228,-0.191699996591,-0.654531419277,-0.33018219471,-1.22434997559,0.0852871462703,-1.40727484226,-0.903841733932,-0.851719379425,-1.32610356808,0.585349977016,-1.54220747948
4783,-0.708549976349,0.694000005722,-0.0841024816036,-0.0198647901416,-0.942099988461,-0.607399046421,-0.0271361470222,-0.39782345295,1.68139481544,-0.576557099819,-0.433400005102,-0.591801524162
10123,0.940699994564,0.976100027561,1.2402381897,1.21994423866,1.32660007477,0.741595387459,0.285430133343,0.322586715221,-0.927631378174,-0.212226882577,-0.122800007463,0.670166969299
8895,-0.134649991989,0.15925000608,0.0969957113266,-0.933761894703,-0.455000013113,-1.03864145279,-0.158656775951,-0.645835101604,-1.13498544693,0.253247737885,0.380250006914,0.0277451574802
9805,-0.481949985027,0.191749989986,1.5746897459,1.01527607441,0.799149990082,0.410328269005,0.711446404457,0.979191064835,1.11766850948,0.611718058586,0.250549972057,-1.19569635391
4125,0.540650010109,-0.438549995422,-0.109266228974,-1.95459389687,-0.360350012779,0.14297901094,0.782114923,-1.25380635262,0.735196173191,-0.208886563778,-0.259350001812,-0.259995639324
1635,0.468850016594,-0.543500006199,-0.634482383728,-1.00394153595,-0.929800033569,-0.945522546768,-0.062579497695,-0.484776765108,-0.101762361825,-0.737350583076,0.10965000093,-0.424552202225
4154,-0.0897499993443,-0.00404999963939,0.21138766408,-0.530536472797,-0.368849992752,-0.616980195045,-0.400402605534,-0.105918586254,0.807291507721,0.381762266159,-0.40854999423,-0.333154648542
26292,0.0560500025749,-0.798550009727,-0.243360802531,0.891827106476,0.149949997663,-0.727323591709,-1.34908437729,0.113144934177,-0.597666621208,-0.121160708368,0.223250001669,-0.460476994514
5770,0.746450006962,0.815099954605,1.3705047369,0.668514728546,1.12790000439,0.722106039524,1.85625052452,0.638929963112,0.0658192783594,-0.0688318908215,0.6195499897,0.624663352966
25874,-0.583400011063,-0.666849970818,-0.505010128021,-1.1612445116,-1.0584499836,0.92198985815,-2.42827010155,-0.137160360813,-1.18231976032,0.0213803052902,-0.188649982214,-0.414401292801
11319,-0.750750005245,0.552000045776,0.490102648735,-0.35326230526,-2.35914993286,-0.959430217743,-1.52843284607,-0.0264954194427,-1.10059869289,-0.993960082531,-0.989799976349,-1.05213713646
1153,-1.66205000877,-1.03320002556,-0.957307338715,-0.531862139702,0.601000010967,0.00500737503171,0.167017519474,0.895725131035,1.0714751482,1.13464426994,0.120250016451,0.328933149576
11098,-0.972599983215,-0.497500032187,0.643230021,-0.670414090157,0.262450009584,-0.585995137691,-1.70325803757,-1.14096605778,0.526684224606,-1.14971899986,0.190150007606,-1.88159763813
8974,-0.149499997497,-1.18099999428,0.911505460739,-0.475166141987,0.172649994493,-1.30955243111,-1.27501380444,-0.905391395092,1.03749108315,-0.363864213228,-0.544499993324,-0.541070342064
533,-0.345200031996,-0.667750000954,-0.931631326675,0.464152574539,-0.740350008011,-1.26867902279,0.116931647062,-0.101990938187,0.612027406693,0.311108767986,-0.145399987698,-0.54011619091
823,-0.588099956512,-0.674250006676,-1.57186675072,-0.273132264614,0.33599999547,-0.812373101711,0.00844976305962,2.32969164848,0.00113222002983,0.00727126188576,-0.408399999142,0.340284109116
6812,-0.314249992371,-0.566550016403,-0.720857799053,-0.342858701944,-1.10175001621,0.332804739475,-0.283909976482,3.62179899216,-0.140556171536,-0.133288905025,-0.789750039577,0.0786438956857
3693,-0.391949981451,-0.453750014305,-0.418706476688,0.0115106552839,-1.29339993,-1.34241271019,-0.259025454521,-0.903383255005,0.844275653362,0.589664101601,0.211600005627,0.691473603249
4891,-0.402899980545,-0.362800002098,0.0919669866562,0.113245859742,-0.173249989748,-0.0130360405892,-0.717824578285,0.104319669306,0.524309873581,0.731921494007,-0.681349992752,-0.66059756279
10954,0.355300009251,-0.432449996471,-0.554755210876,0.168011844158,-1.60219991207,-0.445360124111,-0.215694710612,-0.448392421007,0.368390411139,-0.126863181591,-1.41595005989,0.201385945082
5909,-0.352099955082,0.201800003648,-0.480758547783,-0.342410713434,-0.643700003624,0.0287782214582,-0.140813723207,0.0852830260992,0.946992456913,0.0958937704563,-1.15694999695,0.827235460281
9221,0.539600014687,-1.08069992065,-2.43295860291,-0.727800250053,0.0685500055552,-0.35968336463,-0.83081305027,-0.401801526546,0.674236655235,-0.373519778252,0.46930000186,-0.619230031967
847,-0.555949985981,-0.816899955273,-0.10272192955,0.924649477005,0.635800004005,0.497904092073,0.57704013586,0.0747007280588,0.211044475436,0.27853551507,-0.551150023937,1.10319674015
11072,-0.105000004172,-0.812650024891,0.17658688128,-0.354288429022,-0.668099999428,-1.55952715874,-1.43371999264,-1.00652098656,-0.194029957056,-1.29917573929,-1.09000003338,-0.867483258247
10221,0.230099990964,0.355650007725,0.365562886,1.06014251709,0.425700008869,0.306766152382,1.31621956825,0.867410361767,-0.375757038593,0.64706081152,-0.170049995184,0.178111314774
7158,0.371150016785,0.319150000811,-0.568101346493,1.07878541946,0.243399992585,-0.072464235127,1.66021537781,0.998269081116,0.113375872374,-1.15789043903,-0.776049971581,-0.300996482372
8678,-2.32474994659,-1.3791000843,-1.11579155922,-1.00120139122,-1.26950001717,0.75690060854,-0.00775781273842,-1.19408714771,1.33043920994,-0.368934035301,-0.761999964714,-0.521391868591
11014,1.24744999409,-1.33490002155,0.0199967026711,-0.2435721457,-0.333400011063,-0.248455017805,-0.881276607513,0.479236185551,0.20049238205,-0.291068851948,0.179099977016,-0.682890057564
1994,0.837050020695,1.34824991226,0.474184602499,1.15321719646,0.533649981022,-0.222020506859,-0.993041574955,-0.0798196643591,-0.658027529716,-0.914060890675,0.208450004458,-0.509943783283
3482,0.82389998436,0.926950037479,1.26757991314,0.772912621498,0.630800008774,-0.678436696529,0.3135394454,-0.203334316611,-0.205876633525,0.0277682468295,0.509500026703,-0.198169022799
25976,0.755850017071,1.11444997787,-0.951755702496,-0.411518514156,-1.23590004444,0.86060911417,0.930732488632,-0.124525509775,0.380130708218,0.05685865134,-0.330300033092,0.227458119392
10491,-0.465300023556,-0.547049999237,0.130311250687,-0.324084550142,-0.507750034332,-0.171882599592,0.390973955393,-0.419834256172,0.655489683151,-1.10415637493,-0.382849991322,0.036092042923
51053,-1.15509998798,0.863800048828,-1.72618341446,-0.358393549919,0.301649987698,-1.67959308624,0.0916045308113,-0.140283048153,-1.06500828266,-0.151741623878,-0.337249994278,0.636626720428
9267,-0.746950030327,0.547850012779,1.02706432343,0.275818496943,-0.347049981356,-0.553964495659,0.772681295872,-0.251724034548,1.31826364994,0.786831974983,-1.16789996624,0.344035536051
5547,0.193250000477,0.729650020599,0.752016961575,-0.797181725502,-0.413350015879,-0.487587690353,-1.15864098072,-0.896689713001,-0.621625900269,-0.659852445126,0.47025001049,0.496679574251
6597,-0.490950018167,-0.546199977398,-0.915329217911,-2.41806745529,-1.08745002747,-1.49304974079,-0.610591948032,-0.456690818071,1.33195149899,0.206874907017,-0.0709000229836,0.573172807693
5836,-3.40339994431,-0.493149995804,0.173664808273,-1.74813461304,-0.653849959373,0.782033741474,1.66863822937,-0.754178822041,0.459151417017,0.114761531353,0.0683500021696,-1.24088454247
6118,-1.65659999847,-0.777849972248,1.97588396072,-0.486250221729,-0.250899970531,-0.294771134853,-1.08967161179,-1.13878846169,-1.35250842571,-1.10616910458,-0.637700021267,0.656587719917
2961,-0.581449985504,0.000550001859665,0.337955892086,-0.893805623055,0.835500001907,1.01469302177,-0.0939818099141,0.357428103685,0.881872534752,0.273022025824,0.0594000220299,-0.368218958378
310,-0.0404500029981,-0.289049983025,-1.16139781475,-0.278254598379,-0.866050004959,-0.746548056602,-1.09972238541,-0.856160283089,-0.142095983028,0.0859710872173,-1.28049993515,-1.02275323868
7296,-0.597599983215,-0.742250025272,-0.549786865711,-0.215807259083,-0.334850013256,-0.100099235773,-0.474744915962,-0.211956620216,1.34151101112,-0.219388708472,0.585000038147,-1.60588335991
1429,-1.12619996071,0.0294999927282,-0.253591090441,-0.674689650536,-0.460749983788,-0.710050702095,-1.53871846199,0.356470704079,-1.26150727272,-0.190148741007,-0.305049985647,-0.568595051765
2548,0.223349988461,-0.945299983025,0.366033881903,-0.505107760429,-0.986150026321,-0.910976648331,0.385044515133,0.452102690935,0.908274888992,0.529987990856,0.0614499896765,0.968087613583
6499,-0.770300030708,-0.244750022888,-1.31273317337,-0.902145504951,-0.847049951553,0.57082092762,0.0433705002069,0.0573003664613,2.45206689835,0.438204884529,-0.0737000107765,0.33768427372
642,-1.18029999733,0.0321500003338,1.96458244324,-0.750555098057,0.197450011969,-2.16982150078,-1.11708068848,-0.534044623375,-0.376449406147,-0.791213214397,2.63030004501,0.865851044655
23076,-0.58085000515,-0.327749997377,0.082424774766,-0.956212699413,-1.55169999599,-0.368827164173,-0.201374262571,-0.815070509911,1.23786664009,-0.498575538397,-0.547999978065,-0.748314917088
10099,-0.493299990892,-0.845950007439,-0.798888504505,-0.613964557648,-0.360150009394,0.732146143913,-0.0465276241302,0.416549682617,0.203177928925,0.254759192467,-0.0325500071049,1.0628837347
9817,1.98204994202,-0.126849994063,-0.576209783554,-0.637894690037,-0.80245000124,-0.264536768198,0.11696395278,-1.58432841301,0.422714650631,0.205872476101,-0.448449969292,0.676438391209
9126,-0.112399995327,0.720449984074,0.828999340534,0.470182359219,0.645449995995,-1.30935931206,-0.13404276967,0.3924459517,-0.635584235191,0.876300036907,0.304149985313,-0.293005526066
3930,0.980650007725,-0.626399993896,-0.784166634083,-0.162590011954,0.334100008011,-0.211242452264,-1.6792447567,-0.448137640953,0.0841210335493,0.0734648704529,-0.199650004506,0.880149066448
10450,0.365249991417,-0.516600012779,-1.22933244705,-2.18498420715,0.13220000267,-0.984672307968,-0.0394965149462,0.311408400536,-0.637880086899,-0.792973875999,-0.0498500168324,0.350715428591
54386,-0.596899986267,1.016299963,0.815992116928,0.171642124653,0.434550017118,0.388054996729,1.55258774757,1.09152758121,1.48807859421,2.14605569839,-0.438099980354,0.325145959854
664,-0.171300008893,-0.0749000012875,1.14019858837,-0.533659636974,-0.422850012779,-0.456234335899,-1.07263064384,0.0684341192245,-0.192528665066,0.178518086672,-0.474899977446,-1.02973031998
596,-0.362099975348,1.84715008736,1.21556258202,-0.196592673659,1.76145005226,-0.710511207581,0.380107611418,0.745069622993,-1.17079329491,-0.758532941341,-0.136750012636,-0.284096896648
10180,0.197349995375,-0.568849980831,-0.548674464226,0.479048520327,-0.89794999361,-1.60082411766,0.269739866257,-0.266639471054,0.15893304348,-0.0469411350787,0.0258499979973,-0.303073912859
1445,-1.6208999157,-0.154849991202,-0.744544506073,-0.792501926422,-2.10960006714,-0.857172369957,0.323635607958,-0.35989099741,-0.730329751968,-0.620564460754,-0.847350001335,0.517129123211
230,0.632300019264,0.67919999361,-0.0309412479401,-0.658968806267,-0.336299985647,-0.353923916817,0.236827492714,-0.956729650497,-0.912931501865,0.500116288662,-0.143149971962,0.52120578289
9246,-0.133399993181,-0.238549992442,-0.258914768696,0.760342597961,-0.132349997759,-1.72127854824,0.525440573692,0.121543034911,-0.767152369022,-0.269388616085,-0.125150024891,-0.818930327892
5092,-0.373550027609,0.0364000014961,-3.57018733025,-1.30492639542,-0.938549995422,0.0331603139639,-3.87511658669,0.033324085176,-0.652256250381,-1.3213596344,-0.592750012875,-1.33090758324
23463,-0.239449992776,-0.499700009823,-0.748683094978,-0.448672294617,-1.31575000286,-0.759835839272,0.177171528339,-0.502623081207,0.123111866415,-0.559881329536,0.238499999046,-0.0155112147331
10007,-0.0210500061512,-1.06749999523,0.483107864857,0.0160462856293,-0.233449995518,0.910349786282,-0.54433709383,-1.04318237305,0.325359404087,0.901911497116,-0.0842499956489,-0.185375601053
4925,1.16444993019,0.987450003624,1.44615745544,-0.795105278492,1.32159996033,1.48049438,-0.146387040615,-0.436810433865,0.610379099846,0.333680331707,0.908899962902,0.0205635279417
6251,0.825100004673,0.932850003242,1.22115421295,1.62342333794,0.897499978542,0.92564368248,-0.145336419344,-0.605999588966,-0.528087258339,0.0150939077139,0.012549996376,-1.02314937115
5782,-0.4700999856,-0.700299978256,-1.74440062046,-1.11538684368,0.129899993539,0.480377852917,0.420494735241,0.0867794081569,1.34929716587,0.400024533272,0.330949991941,0.386037111282
5106,0.268799990416,0.297849982977,-0.0521689802408,0.254037439823,0.262499988079,2.69309973717,3.58426499367,2.63728952408,2.59993124008,0.824275970459,0.142799973488,0.662624716759
2673,-1.25435006618,1.92324995995,0.0770942866802,-0.338906943798,-0.382299989462,1.1601370573,0.700782835484,0.768926680088,-0.244972169399,-0.465146809816,-0.443649977446,-0.988306581974
644,0.741849958897,0.323900014162,-0.139822795987,-0.976841270924,-0.545350015163,-1.04162919521,-0.857255339622,0.135286003351,-0.629212260246,-0.180198892951,-0.33544999361,0.00310981273651
6284,-3.43965005875,0.207749992609,-0.419550836086,-0.162953600287,0.586749970913,-1.38948893547,-0.902141690254,-0.536481738091,-1.66158616543,0.743241012096,0.440200001001,-0.15108910203
4605,0.904049992561,-0.146699994802,-0.127553731203,-0.231977775693,-0.160799995065,0.139513358474,-0.182826012373,-0.0817711502314,0.679744720459,-0.307241529226,0.400900006294,0.507053136826
6810,-0.236800014973,-0.486349999905,0.724403083324,-0.0577891469002,-0.0492499992251,0.780344665051,-0.481275498867,0.945178866386,-0.323413461447,-0.198717698455,0.279850006104,0.635043025017
54499,0.236050009727,-1.07870006561,-1.88755583763,-1.53430521488,-0.316200017929,-0.201471969485,-0.537897646427,-0.308123409748,-0.425421029329,-0.0294969975948,-0.395600020885,-4.04103660583
11007,-0.0925999879837,-0.152799993753,-0.303713828325,-1.08936393261,-0.657299995422,-0.14157743752,-0.573557376862,-0.586482942104,1.2203592062,-0.039783000946,0.782450020313,-3.43929958344
1643,-0.432349979877,-1.19330000877,-0.768610239029,-3.01666259766,-0.38924998045,-0.408423393965,0.388300806284,0.199832618237,1.53225934505,0.35380256176,1.01254999638,-0.244249507785
25805,-0.0839500054717,-0.0838500037789,-0.227262839675,-0.781491994858,0.167149990797,-1.38173043728,-0.462805151939,-0.0602990984917,-0.263055056334,-0.346261918545,0.045849993825,0.218742579222
3033,0.455200016499,1.69779992104,0.150646656752,1.46597456932,1.77924990654,-0.47720438242,-1.04163253307,1.18052959442,-0.127592310309,0.950429141521,-0.0798999965191,-0.901511132717
2745,0.18725001812,-0.379750013351,-0.949968695641,-1.33375203609,-0.508499979973,-0.000187741592526,-1.39522218704,-0.570068240166,-0.648230373859,1.25130605698,0.510649979115,0.472662270069
9961,-0.459299981594,-0.535650014877,-1.57029926777,0.458815723658,-0.501550018787,-0.62942224741,-0.298152595758,0.205725073814,0.146558195353,0.84671574831,-0.225249990821,0.822325050831
3925,-0.539149999619,-0.322950005531,-1.67569768429,-1.26603460312,-0.241050004959,0.548046529293,-1.94215857983,0.391093283892,-0.227167665958,0.219215199351,0.0464500188828,-0.155841231346
2582,-1.30419993401,0.688699960709,-0.609163105488,-1.65142464638,-0.378899991512,0.597991764545,0.750620603561,-0.0786486119032,0.708133757114,1.19022762775,0.144649982452,-0.516267895699
5792,-0.673099994659,0.784649968147,-0.591621875763,0.746121823788,0.924149990082,2.08511805534,1.73412561417,-0.963884115219,-0.136497154832,-0.869813084602,0.236049994826,-0.393579661846
5236,0.566599965096,-0.93079996109,-0.824857413769,-0.298014342785,-0.378350019455,-0.31618052721,-0.375901401043,-0.122488990426,-0.166711330414,0.401248604059,-0.144800007343,0.117327511311
4016,0.548950016499,0.517050027847,0.177735954523,1.34931433201,-0.000849992036819,0.675797939301,0.853930473328,-1.00032103062,-0.538307726383,0.563290953636,-0.227099999785,-0.889111876488
4651,1.57875001431,0.223600015044,0.213530451059,0.0760858282447,0.23710000515,-1.76766479015,-0.0687999427319,-0.204859122634,-0.448299854994,-0.931311428547,-0.901100039482,1.14849376678
3988,-0.3763499856,2.21109986305,0.683255851269,0.168997094035,-0.288199990988,0.239991620183,-0.00430366396904,0.294369488955,-0.322763860226,-0.93145275116,0.345450013876,-0.395434349775
26227,-0.0621500015259,-0.78719997406,-0.870994746685,-0.40487664938,0.589800000191,2.94636654854,3.70144891739,3.15607118607,5.02457618713,2.68456983566,0.662500023842,0.955023884773
7982,0.531750023365,0.370499998331,-0.383960962296,-0.166154831648,-0.542099952698,0.0663342177868,0.755423069,-0.220319345593,0.116271570325,0.60625898838,-0.839800000191,0.079221457243
3551,0.068400003016,0.683950006962,0.204614967108,0.401821047068,0.20450001955,0.565344691277,0.746685028076,-0.395440042019,-0.794604063034,-0.147293955088,-0.656650006771,0.0413739234209
5108,-1.20819997787,-0.242399990559,-0.188310608268,0.643646597862,-0.634199976921,0.0474766492844,0.627139508724,-0.616449415684,1.33691072464,0.396880328655,-0.0359999835491,1.21563947201
8870,0.526350021362,0.0171499997377,-1.05692660809,-1.36884367466,-0.31764999032,0.0611107572913,0.0259152948856,0.156374901533,-0.442255616188,0.411794632673,-0.422950029373,-0.954177856445
2195,-1.0991499424,-0.042399995029,-1.07385802269,0.528102636337,-0.806050002575,-1.00044369698,-0.581765115261,0.2375934273,-0.0831616967916,-0.0334364846349,-0.209000006318,-0.359376847744
8731,-1.38594996929,-0.914200007915,-1.05783319473,-1.05830907822,-0.790850043297,-1.22117483616,-0.0451698303223,-0.187587589025,1.51160264015,-0.0711774155498,-0.692649960518,0.431544154882
1956,-0.0678000152111,0.249700009823,-0.0491520389915,0.502869129181,-1.29460000992,-1.47873520851,-0.434492915869,0.0138923376799,6.58361244202,-0.0505670160055,-0.654850006104,0.100600332022
10276,0.390900015831,-0.838199973106,-1.06044816971,-0.499272465706,0.249899998307,0.337630599737,0.8103967309,0.0438398718834,1.62232673168,1.19001495838,0.342299997807,0.577463328838
1666,0.881000041962,-0.298249989748,1.27028763294,-0.180228978395,-1.30145001411,-0.459805965424,-0.629160940647,1.01399827003,1.14152789116,0.82755190134,0.0697499960661,0.995702087879
4864,2.08914995193,0.995399951935,1.69848203659,1.37903010845,0.810849964619,0.685873568058,0.647684276104,0.0658639445901,0.22084826231,0.513278245926,0.0652000308037,-0.932582259178
4232,-0.344199955463,-0.0275499969721,0.507468521595,0.0841098725796,-0.233150005341,0.739557087421,0.800809383392,0.411546587944,0.0910402908921,0.345810860395,0.00065000000177,0.539990663528
5050,0.280649989843,-1.86749994755,-1.09893071651,-1.4565308094,0.943849980831,-0.532159626484,-0.912333905697,-0.144672125578,0.684095323086,-0.818973958492,-0.235849991441,0.0953726768494
813,0.439150005579,-2.15974998474,-1.76555883884,-0.419574648142,0.0446000099182,0.760842204094,0.785856485367,0.684614956379,0.372787445784,0.0950889736414,0.651950001717,-0.0902944132686
3964,0.739250004292,1.09555006027,1.11148262024,0.31367868185,0.882749974728,-0.0967299342155,0.303131699562,0.135690495372,-0.68899667263,-0.780957698822,-0.0155000090599,0.862533271313
26020,0.0206499993801,-0.870350003242,-0.224720448256,-0.500460386276,-1.30830001831,0.292603313923,0.324923664331,-1.01856136322,-0.353957086802,0.834482192993,0.153650000691,0.607690870762
481,0.791350007057,-1.15534996986,-1.09951782227,-1.31938278675,-1.70149993896,-1.3410397768,-0.640070796013,0.909810245037,0.0498977936804,-0.972360014915,-0.441649973392,-0.367576509714
5019,-0.510749995708,0.148249998689,0.686343669891,-0.0239304602146,0.254949986935,0.957204759121,1.75258481503,0.494910985231,1.37922215462,0.0652778893709,-0.415750026703,0.406417220831
291,-0.351450026035,-2.29400014877,-0.762718439102,-0.449373543262,0.0388499945402,-0.960958898067,-0.466240525246,-1.37511026859,-0.215889945626,0.383073449135,-0.500100016594,-1.18043255806
10973,-0.79834997654,-0.202549993992,-0.72088932991,-0.130187392235,-1.63370001316,-0.817413330078,-0.0302287042141,-0.43893751502,0.244902566075,0.469136089087,-0.315949976444,-0.36270198226
9697,0.873649954796,1.00655007362,2.0990664959,1.64441347122,-0.578450024128,-1.16863679886,0.74911481142,0.474235057831,0.151436001062,-0.591604828835,1.05770003796,-0.593423902988
5831,0.0533500015736,-0.932649970055,-0.632470846176,-1.32807052135,-0.653599977493,0.527815997601,2.24281311035,-1.21224451065,0.828645408154,0.304401814938,0.282549977303,-0.809879601002
8202,1.82690000534,-2.30910015106,0.0957043468952,-0.383275985718,1.23440003395,0.0603163205087,0.513413012028,-0.317449331284,1.04441964626,0.19014531374,0.362850010395,0.792821288109
57804,-0.144600003958,-0.625999987125,0.102457255125,-0.397024929523,-0.00464999675751,-0.389298319817,-1.39251255989,0.251944482327,-0.607302308083,0.38273653388,0.383599996567,0.397009789944
5566,0.784100055695,0.498800039291,1.0722990036,-0.0704475343227,0.575749993324,-0.0930069759488,-0.482364147902,0.28453707695,-0.765877723694,-0.548691987991,-0.689999997616,0.0073711425066
57149,0.589900016785,-0.931450009346,-0.424473822117,-0.17575314641,-0.855899989605,-0.0514873079956,0.678578972816,-0.263631999493,0.553781151772,0.595538854599,-0.460000038147,0.397173970938
7416,0.234400004148,1.72119998932,1.32177305222,0.0247705578804,-1.42309999466,-0.307377547026,-1.0522582531,0.72733104229,-0.184330239892,0.0377644300461,-0.147850006819,-0.465093672276
10174,-2.03314995766,1.77974998951,0.0864881277084,-0.679895162582,-0.284350007772,-0.491265833378,-0.172098457813,-0.840865790844,1.20079994202,-0.314823865891,0.683449983597,0.346102058887
6676,0.200350046158,-0.0012000054121,-0.917578577995,1.47799265385,-0.176499992609,-0.621942818165,-0.902596712112,-0.852450668812,-1.49139308929,0.190336674452,-0.362450003624,-0.660778880119
8884,-0.192700013518,-0.8804500103,0.335490345955,0.320981055498,-4.09179973602,-0.904293894768,-0.221863210201,0.625176668167,1.80266082287,-0.819586396217,-1.53659999371,-0.44742333889
5997,-0.117150001228,-2.77354979515,-0.0281202197075,-0.182934895158,0.33189997077,0.247294664383,-1.05819439888,-0.320317238569,-0.590653121471,1.50423586369,-0.496050000191,-0.667153716087
57147,-0.296499997377,0.0199499987066,-0.301529377699,-0.810567259789,0.347699999809,-1.3342897892,-0.236874744296,0.0431971102953,-0.82201063633,-0.173133119941,-0.0264499932528,1.12690353394
6909,-0.245400011539,-0.373799979687,0.0269317030907,0.443647116423,0.477549999952,-0.686359882355,0.705798923969,0.254278659821,1.2030313015,-0.0355626866221,0.986000001431,1.29907524586
9093,-0.00200000009499,-5.21414995193,-1.14184343815,0.282707154751,-0.501850068569,-0.204788953066,0.399509012699,-4.71001768112,0.0,-0.692306220531,0.000999999931082,0.550162732601
23142,0.305100023746,0.524550020695,2.01139593124,1.45959770679,1.00924992561,1.10334300995,-0.754673719406,0.373759567738,-0.61255300045,-0.314323425293,1.19400000572,0.0615552067757
8444,-0.0684500038624,2.04340004921,1.43261742592,0.179721713066,0.0499499961734,0.638160526752,-0.517354011536,4.0805978775,-0.76211977005,-0.968808293343,-0.00890001654625,0.731018483639
11232,-2.85609984398,0.0588000118732,-0.0459617972374,-0.941396832466,-1.64050006866,-0.340869098902,-3.42434430122,0.31379416585,0.472428441048,0.131961107254,-0.921800017357,-1.11545932293
27095,-1.18655002117,-0.216000005603,-0.825363576412,-0.966766238213,-5.12809991837,-0.644702374935,-0.593470275402,-0.563121080399,-1.44721627235,0.182339698076,0.165299996734,-0.881802260876
10732,-0.144950002432,0.291799962521,-0.455218583345,0.927851676941,0.271800011396,0.599409818649,0.932304143906,-1.64821171761,1.34501862526,0.247041657567,0.983399987221,0.848244190216
23029,0.0916499942541,-0.862850010395,-1.77863574028,-0.708525538445,0.241950005293,-0.783810138702,-0.797806859016,-0.0237904787064,1.06757795811,-0.0197811126709,0.474900007248,-1.00505006313
9270,-1.5379999876,-2.6263999939,0.60730189085,-2.40285515785,-4.98820018768,-0.157729551196,-1.17142927647,-0.323136031628,0.264693856239,-0.0167951397598,-0.0235000029206,-0.338806957006
47,0.324450016022,-1.6577000618,-0.601545333862,-0.80969440937,-0.0584500133991,-0.194365218282,-0.757953107357,0.0735059678555,-0.0159832239151,-0.540539979935,0.204750001431,-0.866615176201
5889,0.265350013971,0.144900023937,2.65178155899,-0.713138341904,0.561199963093,-0.777610838413,-0.869268834591,0.404011666775,0.155369460583,0.258961230516,1.12894999981,1.21241188049
8243,0.250400036573,1.2867000103,0.501441955566,0.951894044876,-0.144699990749,-1.45349907875,-0.430544018745,-2.25517106056,-0.814461529255,-0.488659143448,-0.124599993229,-0.494094341993
10730,0.426400005817,0.0487499982119,-1.73619556427,-0.245209112763,-4.31529998779,0.00379261374474,-0.391315072775,-0.408487260342,0.547939062119,-0.661746025085,0.0863000154495,-0.66415053606
30,-1.18464994431,-0.0588499903679,-0.0622356534004,-0.159483626485,-0.300050020218,-0.181790977716,-0.24511526525,-1.17708492279,0.50888055563,-0.286690890789,0.123599991202,-0.252952456474
7466,-1.21619999409,0.569049954414,0.314472585917,0.414169549942,-0.791800022125,-0.900235891342,0.0888246148825,-0.320058107376,0.923017978668,0.376138627529,0.267300009727,1.11095678806
89910,2.77540016174,0.672450006008,-0.0766167640686,-0.294146388769,0.0361500382423,0.00697080045938,0.70836186409,0.154890716076,0.278434216976,0.399664700031,0.151549994946,0.949080228806
56654,-0.0188999995589,-9.22125053406,-0.210454076529,-0.200929403305,0.725350022316,0.826170861721,0.967057466507,1.15354287624,1.21186423302,-0.376504361629,0.282299995422,0.0435460433364
501,0.21305000782,1.64004993439,-0.0428131744266,1.39244151115,1.82605004311,-0.727080345154,0.536611199379,1.09803497791,-0.2974152565,-0.883078575134,0.177650004625,0.548993587494
5438,0.664300024509,-1.01794993877,-0.744531452656,-1.92233228683,-2.21819996834,1.29643774033,-0.250543475151,0.929756522179,0.765417814255,-4.77450418472,0.0266999900341,0.616593599319
26993,-0.331699997187,-0.944399952888,-0.280571252108,-0.684548318386,0.300350010395,1.09264194965,0.866020619869,-0.520093142986,0.76898175478,0.108086705208,0.260749995708,0.884729862213
55111,2.17245006561,2.14974999428,0.490997850895,0.150396376848,2.11315011978,2.79880595207,-2.12121653557,-1.87394332886,0.281782984734,0.314375519753,-0.360999971628,0.950713157654
8520,0.717649996281,1.14354991913,0.496886223555,-0.0760473161936,-0.915799975395,0.594473779202,-0.596600174904,0.237281918526,-0.0997386649251,-0.131946220994,-0.415349990129,0.0293856114149
10146,-0.0460000038147,1.20840001106,-1.27311968803,0.225305855274,0.95459997654,-1.37506663799,-0.997840821743,-0.176607012749,0.622135698795,-0.373218804598,0.172749981284,0.471386641264
7165,0.519649982452,-0.327749997377,1.19654774666,-0.923220157623,0.226499989629,1.93655264378,0.62443113327,-0.488127529621,0.598747968674,0.401462614536,0.131949990988,0.119642674923
55011,0.503049969673,-1.02925002575,-1.14277410507,0.858262360096,2.1021001339,1.07640850544,0.0449420809746,-1.41379892826,-0.088128387928,0.673053026199,0.083899974823,0.336616843939
6461,-0.0118499994278,1.12840008736,0.431452095509,0.462988436222,0.623399972916,-0.441824316978,0.858081161976,-0.0308878570795,-0.562977313995,-0.166200250387,0.0379999876022,1.28307819366
10813,-0.325549989939,-0.34659999609,-0.275923192501,0.531485319138,-0.684800028801,0.614089429379,0.252660900354,0.665004730225,1.42509818077,0.345883250237,0.372099995613,0.678173184395
80746,1.05480003357,-0.189999997616,0.529720425606,0.528125226498,1.50710010529,-1.6819126606,0.0605624094605,0.312529265881,2.02902388573,-0.059288084507,0.802450060844,-1.44536614418
10434,-1.49255001545,-0.902850031853,-1.1914331913,-0.159537374973,-1.46064996719,-0.0710650980473,0.270363479853,0.250623524189,0.128171890974,0.283476382494,0.219000011683,0.153847888112
5607,0.192049980164,-0.260400027037,0.435208439827,-0.521999597549,-0.221249997616,-0.451552867889,0.449078947306,2.58593273163,0.326025247574,0.138586506248,0.701250016689,0.869097054005
22827,-2.37615013123,-3.14079999924,-1.07653152943,-1.87953329086,-0.167199999094,0.266539126635,-3.39005041122,-0.164523869753,0.60712492466,0.558280944824,-0.268000006676,0.674726366997
51635,0.681299984455,-0.544600009918,1.960029006,1.42407917976,0.0016999989748,0.525083065033,0.438616901636,-0.678779661655,-0.221093326807,0.114471182227,-0.200499996543,-0.0755575895309
84159,-0.5299000144,-0.0140499994159,-0.517245173454,-0.437352567911,0.95199996233,-1.1263961792,0.820319831371,-0.335135608912,-0.802517652512,-0.259701222181,0.516250014305,-0.474595189095
3508,-0.687899947166,-0.529699981213,1.93673491478,0.117114298046,1.69739997387,-0.0672034695745,0.605883836746,0.222109481692,1.06385219097,0.351031631231,-0.250699937344,0.307898879051
84890,-0.398249983788,0.157300010324,-1.18056559563,-1.32943046093,-0.477650016546,-0.788732111454,0.473197370768,1.35527765751,1.61374235153,0.530290484428,0.684799969196,1.15661942959
79600,0.6916000247,-0.381850004196,1.07076668739,0.110777378082,1.16960000992,-0.401837706566,0.517412304878,0.475634783506,0.521547079086,0.0596060752869,-0.277599990368,1.3961558342
8574,-0.210850000381,-1.22344994545,-1.48269605637,-3.09853076935,-0.373000025749,0.44238615036,-0.623870432377,0.112496159971,1.04654049873,1.01980781555,-0.0210500061512,0.487822115421
5529,0.701900005341,0.0674000009894,0.856095671654,1.37790644169,0.754249989986,1.54869997501,0.497545421124,-3.12289309502,-0.464854747057,0.641705930233,0.124749988317,-0.100324675441
3909,-0.312949985266,-0.367300003767,0.118119798601,0.0679165795445,0.0161499977112,-0.161322385073,-0.645348787308,-0.0239807963371,0.222201883793,0.135571986437,0.340099990368,-0.315374583006
9637,0.722999989986,-0.129799991846,0.231867462397,0.641169190407,-0.946449995041,-0.586839020252,1.06673789024,-0.743007540703,0.38427940011,0.591660320759,-0.0771500170231,-0.658608734608
8518,-0.107699997723,0.0692499876022,-0.192865118384,-0.00443771481514,0.672550022602,-0.747512757778,-1.13927090168,-0.309378892183,0.606210112572,-0.645500183105,-0.486450016499,-0.431400805712
6443,0.0666999965906,0.122950002551,-0.967932522297,-0.446817606688,-0.450599998236,0.56053096056,-0.475115656853,-0.198018729687,0.530102193356,0.315076768398,0.0296999979764,-0.379675477743
58478,-0.00259999930859,-0.857849955559,-0.675216972828,0.658268451691,3.47059988976,0.679288089275,-0.472128927708,-2.05607485771,0.212921068072,0.00563824176788,-0.0334500074387,-0.92774772644
4850,0.0164500176907,0.359600007534,0.118735104799,0.293670892715,0.388099998236,0.636994242668,0.4838321805,0.599139094353,0.509756565094,-0.317027390003,-0.392250061035,0.117177195847
23210,-1.29859995842,-0.883000016212,-4.79094696045,-0.967990458012,-1.05054998398,2.11969947815,-0.688814282417,0.0555346906185,0.189730450511,0.666789114475,0.23164999485,-0.875398516655
54733,0.249799996614,0.864049971104,-0.110753938556,2.15843653679,0.469149976969,-0.700354158878,-0.76439845562,-0.164694398642,0.723638534546,0.291239738464,-0.478399991989,-0.958002328873
55129,0.33335006237,-0.91320002079,1.22285938263,0.0300566218793,-0.171450003982,-0.36126896739,0.136405348778,-1.01378428936,0.458953380585,-0.351529091597,4.84994983673,-0.207529962063
10273,-0.0023499999661,-0.763849973679,-1.42118835449,0.248580887914,-0.958299994469,0.492511689663,0.682395100594,0.388300001621,-2.16642451286,0.338929742575,0.507099986076,-3.90348410606
572,0.105000004172,0.406450003386,-1.51048231125,-0.118450090289,-0.320550024509,-0.950209915638,-0.581445455551,0.325971245766,0.987936019897,-4.72916793823,0.272100001574,-0.255430936813
5716,-0.317550003529,-1.53769993782,-0.662602841854,-0.506875872612,0.3138499856,0.72048830986,-0.614446282387,-0.110352069139,1.01443219185,-0.3267339468,0.588950037956,-0.501252174377
22841,0.487700015306,-0.576049983501,0.64285838604,0.961111426353,-0.00965002179146,0.648373484612,1.65731167793,-0.100940972567,0.341842204332,-0.552664160728,-0.346650004387,-0.429797589779
2356,-0.121050029993,0.214000016451,0.961107373238,-0.205121964216,-1.02254998684,0.253423631191,0.0823004245758,-0.305068850517,1.45673632622,0.293176412582,-0.0515999794006,-0.299700528383
6050,-0.696500003338,-2.77995014191,-0.509139299393,-0.232750296593,-0.183800011873,0.167300671339,0.13226352632,0.0614205300808,-0.656594157219,-0.89925801754,-0.611100018024,-2.27163147926
64422,-0.303849995136,1.1237000227,-0.587823569775,0.23837159574,0.514299988747,-0.869612455368,-0.727372348309,-0.31757992506,-0.720431447029,-0.258994460106,0.170499995351,-0.226113021374
8837,0.887499988079,-0.382699996233,0.495198994875,-0.493492990732,-0.441950023174,-0.467252969742,-3.20394182205,0.792634189129,-0.720462441444,0.184974193573,-0.208250015974,-0.108832806349
55127,0.112399995327,1.97345006466,0.152422189713,-0.406726360321,-0.0747499763966,0.11214441061,-3.29719853401,-2.37445545197,0.247445464134,-0.373239338398,0.149350002408,0.190959796309
23335,0.847499966621,0.969699978828,1.02318835258,1.14018797874,-0.145950004458,0.147112727165,0.558581054211,0.22476875782,-0.974732398987,-0.631781697273,-0.261500000954,0.95020377636
10270,-0.678050041199,-0.191399991512,-1.05317783356,0.0163422822952,0.439799964428,0.166474416852,-0.538628578186,0.19580334425,1.82039988041,1.17828273773,0.622049987316,-0.0619724094868
6509,1.11384999752,1.53014993668,0.24447466433,1.06658315659,3.12545013428,0.860103785992,3.39232087135,1.45635700226,1.39795362949,4.5713558197,0.672900021076,-0.183784663677
83743,-0.306050002575,-0.306900024414,0.174749195576,-0.527594983578,-0.737450003624,0.241355970502,-0.43877106905,-0.489431798458,1.29392969608,0.268683075905,-0.768800020218,-0.625461935997
6772,0.778750002384,-0.367449998856,0.69865322113,0.841363251209,1.24530005455,-0.77608537674,-0.741019368172,-4.12006282806,0.102311581373,-0.56678879261,-0.442449986935,-0.734113335609
22887,-0.715149998665,-0.231499999762,-0.540243923664,0.113093942404,-1.40680003166,-0.555597662926,-0.961597442627,1.23144876957,1.62747693062,-0.260941594839,-0.101399958134,1.30507791042
51001,0.586250007153,0.400049984455,-0.101336039603,-3.12866044044,-1.38300001621,0.660922884941,0.043092161417,0.809893369675,-0.587313532829,-0.224296152592,-0.674700021744,0.0526490174234
26511,-1.3872500658,0.717100024223,0.461992353201,-0.654260516167,-1.28439998627,0.488012552261,0.672932386398,0.239734873176,-0.321798175573,0.885069608688,0.660349965096,-0.00631058216095
7874,-0.304800003767,-1.15184998512,-0.536580324173,-0.253316491842,-0.764400005341,-1.20024394989,-0.713114500046,-0.385065585375,0.634350538254,-0.401086241007,-0.180150032043,-0.264192849398
51070,-0.191799983382,1.23619997501,-0.85168337822,-0.86665725708,0.124399989843,0.977912247181,-0.187617212534,0.330964773893,0.984142959118,0.282153487206,0.146799981594,0.359439730644
1738,-0.796000003815,-2.66054987907,-0.84065425396,-0.705004036427,-1.66044998169,-2.24649882317,-1.6512876749,0.227367475629,-0.218541920185,0.321755021811,-0.126049995422,-0.802350521088
3416,0.237150013447,0.48219999671,0.436140626669,0.580377697945,1.40930008888,0.279630064964,-1.54177546501,-0.287716776133,3.11040759087,-0.694590449333,0.767549991608,-0.392662078142
9128,-0.456999987364,-1.72650003433,0.196235492826,-6.21954917908,-4.39245033264,-0.366967767477,-0.641839087009,-4.96356582642,0.138818964362,0.326334118843,-0.392750024796,-0.361009120941
9833,-0.648149967194,2.33299994469,0.927309036255,0.312638670206,-0.00429999828339,-1.50549435616,1.3081843853,-0.563119649887,-1.22906780243,0.484743595123,-0.366149991751,-0.58036506176
4088,-0.668150007725,0.217600017786,-2.0992743969,-0.639741361141,-0.763750016689,-0.9796230793,0.0860482156277,-0.390416532755,2.04440045357,1.48682427406,0.264050006866,0.10068154335
5018,-0.625149965286,-2.15120005608,0.196348175406,-1.10528004169,-1.34169995785,0.420300453901,-0.681392669678,0.443453192711,0.158101797104,-0.117078363895,0.386900007725,0.197714239359
51375,0.419250011444,0.462350010872,0.295126289129,0.666032135487,0.46614998579,1.39744651318,0.53278875351,0.911514043808,-0.00855648517609,-2.07766866684,-0.365549981594,1.63261365891
55038,0.748799979687,2.00055003166,-0.156703203917,-0.0294156856835,0.97855001688,0.376034379005,0.156843930483,0.29123672843,0.218185201287,-0.447978615761,0.497999966145,0.0295286029577
23061,-0.412450015545,1.83239996433,0.0560038089752,0.376736819744,-0.415899991989,-0.792867302895,-0.488636791706,-0.0858114510775,0.258604347706,-0.59776699543,0.0268499851227,1.38613247871
64428,0.837300002575,1.27769994736,0.363562732935,0.575394749641,0.106149993837,0.077400624752,5.14498853683,2.2504196167,-0.364789575338,-0.493718266487,0.114050030708,0.567675292492
11325,-0.653500020504,0.228199988604,0.713670551777,0.197806596756,0.38814997673,-0.955639362335,-0.439302891493,5.04304981232,1.8318939209,-0.526764035225,0.270999997854,-0.586007595062
9641,-0.678600013256,0.613150000572,0.749236106873,-0.124008372426,0.175449967384,-0.494627177715,0.159264236689,-0.043407574296,0.0500019192696,-0.580506443977,-0.205349996686,-0.312009990215
23038,2.10940003395,-0.234850004315,-0.542177975178,-0.233666524291,-1.03224992752,0.0620834156871,0.0912657305598,0.791632354259,0.807059764862,0.867804408073,1.79554998875,0.91078722477
57048,0.527449965477,-0.0149499997497,-0.486642241478,0.582225322723,-0.797949969769,-0.669359207153,0.561125159264,-0.876441419125,0.995513796806,2.11125326157,-0.164300024509,3.7113802433
94239,0.192449986935,0.415199995041,0.39918255806,0.120945677161,-0.983500003815,-0.778096973896,-0.177007421851,-2.32646894455,-0.282754331827,0.207614630461,-1.82379996777,-0.504537761211
51203,-0.0868000090122,-3.0148999691,-0.593496501446,-0.133545577526,-0.120849996805,-1.78189611435,-5.23870849609,-0.446209669113,-1.50127863884,-4.70904445648,-0.392599999905,-3.46405100822
388650,0.635649979115,1.55050003529,0.510006904602,0.693173766136,1.46259999275,0.741623938084,0.608899593353,0.692793607712,-0.793552041054,-0.0368290096521,0.220600008965,0.193160235882
23039,-0.533949971199,0.490750014782,0.369816184044,0.0219917520881,-0.571599960327,-1.85789167881,-1.07192087173,1.2332110405,0.111599519849,1.94886922836,-0.31124997139,0.723215341568
55179,-0.357600003481,0.525150001049,2.02420067787,1.11422741413,1.6889500618,0.860084474087,0.173797637224,0.660502374172,0.0869375690818,-0.102308139205,-0.839999973774,0.840760111809
5827,-0.121950000525,-0.951200008392,0.00843578577042,-0.319492220879,-0.156549990177,0.467631727457,0.736806333065,1.18761694431,-0.307478129864,3.27042579651,0.601850032806,-0.152163118124
10245,0.265249997377,-0.0166500210762,-0.145841956139,-1.05468332767,-0.558550000191,-0.923264443874,0.0800551623106,-0.216682001948,-0.4461556077,0.810340046883,-0.17895001173,1.52167320251
6813,1.0325499773,-0.778250038624,-1.17931091785,-2.94872045517,-0.732400000095,-0.169739335775,0.822430372238,-0.934389531612,0.689483821392,0.401916474104,5.39979982376,-0.107929259539
3251,1.38279998302,0.670700013638,-0.110877156258,0.346895933151,0.738349974155,-0.150100827217,-0.193461924791,-0.722712874413,-0.333566397429,0.276989758015,0.179949998856,-1.13071417809
23212,0.884900033474,-1.13615000248,-0.198738887906,0.817516326904,-0.911800026894,-0.504752159119,-0.722521483898,0.289577633142,0.671391665936,-1.48508834839,4.82140016556,-1.64113521576
23536,0.291400015354,-0.72519993782,0.248311474919,0.456029713154,-0.200600028038,-0.448795229197,0.41932502389,-0.554555118084,-0.468278586864,-0.577085137367,-0.0937499850988,0.389164328575
51282,-0.573700010777,-3.06034994125,-1.46328163147,-0.359599590302,0.650200009346,0.0422430075705,-0.288743972778,-2.29200410843,0.377688080072,0.640003919601,0.669499993324,0.819211184978
10227,0.306199997663,0.0432000011206,-0.960049033165,-0.00779419764876,0.318699985743,0.685701847076,0.476221680641,-4.41843032837,0.422574430704,2.32142543793,0.0839000046253,0.0957133024931
50813,-0.116200000048,-0.657299995422,-0.135715290904,0.758443117142,1.23045003414,-0.892755508423,-0.375546038151,1.88670039177,-0.599178552628,0.20950961113,1.3504999876,-1.05770683289
51024,-0.165100008249,-1.13709998131,-0.450521886349,-1.33592832088,-0.183150008321,-0.422104209661,-0.55677562952,-0.671101391315,-0.128955364227,0.221967205405,-0.104349985719,-0.338490456343
53343,1.06185007095,1.63910007477,2.03074836731,-0.0641629099846,0.53979998827,0.0935505479574,-0.125465095043,-0.256132930517,-0.532970964909,0.579830467701,-0.254799962044,3.78631973267
1465,0.107249997556,-0.761950016022,-0.7658162117,0.964247882366,-0.46154999733,0.228636816144,0.976735830307,-0.0559383630753,0.912861943245,0.538375020027,-0.39904999733,-2.3254673481
79006,0.302049994469,-0.552250027657,1.07001519203,0.321338832378,0.560000002384,-1.90981686115,-0.0374867543578,-0.146061226726,0.399811923504,0.357751429081,0.443000018597,0.429388403893
6988,-1.33000004292,-0.0304999947548,-1.2957110405,0.501950740814,0.275099992752,-0.0292327012867,-0.591628313065,0.0591164380312,-0.882250666618,-0.875625610352,-0.456500023603,0.0869303047657
11011,-0.871250033379,1.12969994545,0.846169829369,-0.632566273212,0.0358000099659,0.604418575764,-0.403181940317,0.858551263809,0.11729914695,-0.0153342932463,0.0841000080109,-0.764446794987
23325,-9.21739959717,-0.298500001431,-4.4917383194,0.153684675694,1.02524995804,-0.524264812469,-0.578687906265,0.34379118681,-5.98694229126,0.752165913582,1.02285003662,-0.113702833652
10049,-1.27600002289,0.559800028801,0.330477297306,0.666446328163,0.958849966526,-0.110871784389,-0.240348473191,0.621808350086,0.248164176941,-0.232615590096,1.37435007095,-0.953135192394
3157,0.323149979115,-0.961950004101,-0.857961773872,-2.04133844376,-1.55669999123,-0.70831143856,-2.24014830589,-1.88846254349,-2.18322181702,0.0392502471805,0.0,0.0
200734,-1.10084998608,-0.124949991703,0.203945875168,0.438846349716,0.269800007343,-1.39658463001,1.90927886963,0.140880048275,-1.36720585823,-0.120173126459,0.244450002909,3.23303580284
9053,-0.583249986172,4.04545021057,-0.275629937649,0.4121991992,0.545099973679,0.796142458916,-1.14209067822,-0.537325143814,-0.52003121376,-0.153140604496,0.369700014591,-0.342173844576
79094,-0.175599992275,-0.784200012684,-1.17070198059,0.168015897274,-0.136799991131,1.69820010662,2.21581196785,-1.87723350525,2.04308462143,-0.610021233559,0.737050056458,0.998553395271
2778,1.89904999733,-0.113400012255,-0.108970820904,3.55229139328,-3.81980013847,-0.647624790668,-0.617498874664,0.812807559967,1.31076645851,0.114135310054,-0.769700050354,0.0809627175331
54881,0.769249975681,0.107549995184,-0.000437945127487,-0.233020752668,-0.265949994326,-0.385019242764,-0.457123875618,0.221806585789,-2.22382521629,0.113296717405,0.249799996614,-1.26251935959
54807,-1.20714998245,-0.770500004292,0.407911896706,-1.03933405876,-0.264399975538,-0.183085024357,0.157064169645,-0.203465640545,-0.207549512386,-0.378747284412,0.512750029564,3.7840154171
323,1.12800002098,-0.485200017691,0.286607891321,-0.130970746279,1.15565001965,0.41847422719,1.89866149426,-0.230979710817,2.81949043274,0.100175768137,0.385949969292,1.26000499725
26001,0.619400024414,-0.213649988174,-0.327910393476,-0.516700029373,0.00609999895096,0.330054819584,-1.57053792477,-0.249453783035,1.81896805763,0.972266376019,-4.12084960938,0.666848897934
10190,-0.220550015569,1.23060011864,0.127566039562,-0.540103316307,6.3845000267,0.545744180679,-0.579250276089,-2.11415624619,-0.036970153451,-0.376183718443,0.74764996767,-0.238011017442
9686,1.27904999256,1.40269994736,-0.731120705605,-0.544303774834,-0.214900016785,-0.345425695181,-0.25015220046,1.8770403862,0.0291981846094,-0.470482736826,-0.148000001907,-0.281093776226
54915,3.34154987335,-0.399349987507,-0.61274343729,-0.552212715149,-0.277500003576,-2.42471861839,0.0361832678318,0.109090179205,1.03512835503,0.475821375847,0.640299975872,-0.13074067235
23658,-0.112999998033,-1.3641500473,-1.10162878036,-0.393703132868,-0.315949976444,-0.293712377548,-0.756614327431,0.177062183619,0.27488052845,-0.269215255976,0.312449991703,-0.115341931581
7750,-0.57365000248,-0.714299976826,0.678104758263,-0.424252927303,-0.906949996948,1.11434614658,0.0339417457581,0.480811715126,1.41507601738,0.57295358181,-0.046149969101,0.0793047472835
79643,0.771600008011,0.303949981928,-0.580751955509,0.0356331318617,-0.338950008154,-1.12925171852,-0.276190429926,-1.11496210098,0.616334915161,-0.481450766325,0.748950004578,0.745036125183
9488,2.01290011406,0.611299991608,0.0937652736902,-0.538633704185,0.436649978161,0.706692814827,-0.439247697592,0.530603945255,0.583820939064,0.94508677721,-0.458400011063,2.29549789429
11200,-0.327500015497,-0.326900005341,-1.13327944279,-0.0425727367401,0.86620002985,0.494482636452,-1.40409207344,-0.356338441372,0.229713737965,-0.477230727673,0.326049983501,0.517971754074
65057,0.378899991512,0.547800004482,0.363589704037,0.980032980442,-1.45624995232,0.944368541241,0.727041900158,1.2411532402,-0.545720994473,0.81712436676,-0.0253500044346,0.574113845825
6832,1.30210006237,0.959900021553,0.893860042095,1.28913831711,0.793099999428,1.1368291378,1.27008152008,0.859582364559,-0.574578940868,0.217282891273,-0.551800012589,0.895634889603
23131,0.220699995756,-1.0297999382,-0.967093169689,0.41722381115,-0.231749996543,-1.146312356,-0.373436450958,-0.355490654707,0.752035975456,0.215292602777,-0.212999969721,0.858867883682
10776,-0.30245000124,-0.810950040817,-0.264936804771,-1.21028077602,-0.315800011158,-1.26191031933,-1.89398109913,-0.333590835333,-0.665182590485,-0.337036192417,-0.523550033569,-0.518141925335
6253,1.91145002842,-0.196899995208,0.354291319847,0.583457589149,1.93669986725,0.35888171196,0.520611822605,0.49010682106,-1.80807185173,-0.0830804854631,-0.470450013876,0.57995146513
79716,-0.217199981213,0.136600002646,0.335643589497,-1.03979575634,-0.249599993229,-0.595663189888,1.00676059723,-0.0911513119936,0.374391973019,0.232158824801,-0.384750008583,0.25157558918
29978,0.932200014591,0.717800021172,-0.649914741516,0.87544888258,0.503050029278,-0.470524132252,1.00413155556,1.24890315533,-0.195271462202,0.560356318951,0.83630001545,0.824138402939
9988,0.374099999666,-0.491149991751,-1.68573284149,0.174209833145,0.208950012922,0.958504140377,0.212765052915,-0.204689949751,0.524332404137,0.214548408985,-2.04524993896,-0.283541500568
10845,2.05594992638,-0.195150017738,-0.00567093491554,-0.576098799706,0.645750045776,-0.830347895622,-0.872557342052,0.237630516291,0.779781281948,-0.676425039768,-0.288650006056,-1.34355735779
54957,0.525849997997,-1.59934997559,-1.03323578835,-0.275216162205,-0.208349987864,-1.20485472679,-0.772160589695,1.2452685833,0.105171784759,-0.640648186207,-1.55180001259,-0.305540859699
79170,0.296949982643,1.81620001793,0.753448188305,0.919349968433,1.19305002689,0.233924016356,0.650747299194,0.192902460694,-1.0287977457,-0.488226592541,-0.24469999969,0.409290760756
10610,0.224200040102,1.94899988174,1.16307425499,0.459024995565,1.71015000343,-0.303777724504,1.17097473145,-0.332193255424,0.855480909348,4.20687866211,-0.0661000013351,3.10130405426
128,2.14925003052,1.8313999176,-0.413362115622,0.6300958395,1.97070002556,1.07216751575,0.108316674829,-1.70838677883,0.0961908102036,-0.367104262114,0.31534999609,0.0868161469698
51026,-0.411849975586,0.251049995422,-0.341744124889,0.495529800653,-0.187049999833,-4.29081535339,-0.810172975063,-2.63351082802,-3.06047320366,-0.246656119823,0.318549990654,-0.885763049126
5498,1.13734996319,0.467000007629,-0.478938698769,0.950297474861,0.183450013399,0.699241161346,3.37951803207,0.717775523663,-0.628879010677,-0.869264602661,-0.0258000195026,2.14614915848
124583,-4.90240001678,0.865550041199,-0.475797325373,-0.40403470397,0.0731999874115,-1.16098642349,-1.05612516403,-1.08007264137,-0.13297110796,0.6794475317,-0.142749994993,0.00673293322325
9455,-0.281650006771,1.16470003128,-0.40651345253,-0.377780169249,1.70424985886,-0.306772708893,1.21773910522,-0.544354021549,1.00342428684,-0.172493696213,-0.418449997902,0.18959915638
1212,0.47365000844,0.305950015783,-0.122973144054,-0.843867301941,1.37349998951,1.19566583633,0.198865652084,1.06906175613,-2.5501332283,-0.678868770599,0.766300022602,0.376305609941
5255,0.644299983978,0.457100003958,0.531893968582,0.26340252161,0.522100031376,0.0736241787672,0.442094147205,-0.0140465945005,-1.06078517437,-0.630090773106,-0.230100005865,2.23203897476
9448,0.0497999787331,-1.09955000877,0.566378116608,0.0325016826391,-1.73280000687,-0.783468425274,-0.480056881905,0.680063247681,1.25518548489,-0.298716187477,-0.114749997854,-1.0093678236
9924,0.842850029469,1.97385001183,-0.248464584351,-0.569855213165,-1.35549998283,0.633622407913,-0.42363139987,0.23627269268,1.28239345551,2.45862531662,0.699949979782,0.875613451004
5480,0.35404998064,-0.33370000124,-0.513307571411,-0.624512076378,0.729449987411,-0.347503691912,1.25107109547,1.27085042,0.692246794701,0.468151390553,0.611400008202,-0.0449134446681
1983,0.702550053596,-0.909000039101,1.44518327713,0.277768731117,-0.566249966621,-0.0580022111535,0.0233748555183,1.62640559673,0.36933529377,-0.0289968401194,-0.620700001717,-0.0435827039182
56889,0.523050010204,-0.383450001478,0.182172253728,0.182344958186,0.47855001688,-1.75031352043,0.755066394806,0.294307351112,-0.526782512665,0.38197556138,1.90275001526,0.456857979298
79080,-0.398299992085,-0.230049997568,-0.0161775611341,-2.03805494308,-0.284799993038,-0.700256586075,-0.507200717926,-0.358464181423,-0.896096646786,-0.740977585316,-0.895449995995,-1.51881933212
9016,-0.833250045776,-0.188499987125,-0.485286563635,-0.97504067421,0.15854999423,1.26139938831,-0.275464236736,0.0222245156765,-0.244160145521,0.404342442751,0.638800024986,0.232771024108
6915,0.533599972725,0.696150004864,0.180761307478,0.659482061863,0.166649997234,0.692685484886,0.759981870651,-0.321201562881,1.83683073521,-0.23621353507,-0.201449990273,0.927014172077
9709,0.513599991798,0.916849970818,1.07062125206,-0.294345974922,-0.393000006676,0.0245057828724,-0.339797496796,0.458941578865,-0.20871847868,0.48866635561,0.0803000330925,-0.056959964335
116832,1.77244997025,-0.0385999977589,1.49357712269,-0.826764583588,0.36360001564,0.24615123868,0.909207224846,-0.848802447319,-0.0229529589415,0.530241727829,0.426850020885,-0.0829536169767
670,0.137250006199,0.349099993706,1.06868600845,-2.90601110458,0.26859998703,0.418632388115,0.414457142353,0.690367937088,-0.922510743141,-0.209167689085,-0.0786499977112,-2.08876347542
7867,-0.107800006866,-0.144549995661,-0.896438360214,-0.753341436386,-2.4579000473,0.246259301901,0.0179353803396,0.0921020507812,-0.260317564011,0.380605906248,-1.01655006409,-0.339936256409
79143,-0.210400000215,1.73304986954,2.10236668587,0.0702403783798,0.150549992919,-0.492561995983,0.504564523697,0.130643665791,-0.999287247658,-0.587015211582,-0.524200022221,1.02578413486
11284,-0.117999993265,0.254049986601,-0.574658334255,-1.55653357506,0.99975001812,-0.364940226078,-0.853970170021,0.441824793816,0.00524867326021,0.318953514099,-0.675249993801,1.22585046291
23443,-0.190050005913,2.37825012207,0.72766572237,0.338104784489,0.163249984384,0.0817870050669,0.548776626587,0.316006541252,0.70355463028,0.859442710876,0.0769999921322,0.203195691109
51599,-0.261849999428,0.625849962234,-0.270049065351,-0.661531209946,-0.677950024605,0.160696864128,-0.926161885262,-0.0276927947998,-0.176548466086,0.201654553413,-0.596099972725,-0.229794710875
5927,-0.697000026703,3.25600004196,-0.192602396011,-0.63253647089,-0.927850008011,-0.204308494925,-0.540216803551,4.76888084412,1.2336101532,-0.477068066597,-0.197599947453,0.0774010568857
55793,-0.553250014782,-0.914899945259,-0.56165355444,0.60760819912,0.346550017595,-0.245249554515,0.136772125959,-0.213290601969,1.78598582745,-1.22533512115,-0.420749992132,0.326467931271
5867,0.236650019884,-0.943650007248,0.298469096422,0.889774084091,0.834300041199,-0.607155680656,-1.36953806877,-0.151156961918,0.0883109420538,-0.63779270649,-0.387799978256,-0.52937656641
7866,-0.382799983025,-0.0224999934435,-0.00879693031311,0.173878878355,-0.382399976254,0.649880945683,-0.695611715317,-0.0818350464106,0.620603442192,-0.498013198376,0.697350025177,-0.761611223221
25825,1.68535006046,-0.585950016975,-1.28719639778,-0.868811011314,1.38380002975,-0.00798048079014,0.0223959684372,-0.129726648331,-0.521603882313,-0.266416341066,0.11985000968,-0.110439762473
4067,-0.631049990654,-0.3695499897,-0.57863008976,-1.46641719341,0.196899980307,0.499348372221,-0.0302243083715,-0.326652169228,-0.018023788929,-0.665091633797,-0.725449979305,0.763853192329
51015,0.255349993706,0.353499978781,0.428760379553,-1.51192748547,0.166350007057,1.58398878574,0.113646745682,0.688327312469,-0.399310410023,0.552219688892,0.232100009918,-2.20440387726
5891,-0.101800009608,-0.491299986839,0.48497313261,0.77492916584,0.343650013208,1.24809873104,1.55863285065,0.278771460056,-0.128184825182,0.905050516129,-0.798900008202,0.579877436161
3300,-0.159350007772,0.245400011539,-0.54324221611,1.14471101761,-1.02819991112,-0.470699608326,-0.306440502405,0.317036300898,-0.0456241965294,-0.547775745392,-0.323749989271,0.189836978912
64781,0.366400003433,0.996399998665,0.86184823513,1.17538869381,1.2813000679,0.159586519003,1.12651896477,0.417123198509,-0.509464740753,-0.395455360413,2.00815010071,0.100807100534
51056,0.674449980259,0.19715000689,-0.14776673913,-3.16417837143,1.33899998665,0.491798609495,0.147833675146,0.459085702896,-0.58140039444,-0.671505093575,0.385900020599,-3.26116728783
8550,-0.15285000205,-1.05400002003,0.383369535208,-0.432652711868,-0.0307499989867,-0.632372915745,-0.171180963516,-0.0986983478069,-0.387499183416,0.746623456478,-0.326049983501,1.13638365269
50810,-0.634700000286,0.0844999849796,0.734128236771,0.0575069263577,-0.135650008917,-2.67597675323,-0.521593511105,0.198308214545,-0.396940171719,-0.564545214176,-0.0579999908805,-0.499634981155
23011,1.33875000477,0.187800005078,1.351603508,1.15832972527,0.906700015068,0.951438546181,1.24119150639,-0.241782188416,-0.997775137424,-0.531036019325,0.220950007439,1.1899087429
11168,-2.21210002899,0.269500017166,-0.0361420810223,-2.70267248154,1.08815002441,0.868988037109,1.03951132298,0.88517087698,-0.168876424432,-0.376680254936,0.042149990797,0.693695783615
1385,0.297749996185,1.16215002537,0.418867766857,-0.824927330017,0.890249967575,0.337376713753,-0.52166891098,0.0703469514847,-0.481665492058,-0.186548367143,0.847150027752,0.301657140255
10150,0.183500006795,0.488250017166,0.295650273561,0.301281809807,2.10354995728,0.457444518805,-0.411347419024,0.582765877247,0.402433544397,1.94687759876,4.70184993744,-1.47663903236
29763,-0.703700006008,-0.519549965858,2.04877185822,-0.486739754677,1.10599994659,0.0522035695612,-0.472547858953,-0.278253108263,1.32484555244,-0.149453341961,-0.307199984789,-0.0963279753923
9112,-3.23974990845,-0.680199980736,-1.37752497196,1.48704040051,-0.925999999046,0.13973428309,0.056794077158,-0.0514245480299,0.960909128189,0.138033181429,-0.0527999997139,-0.222287297249
23499,0.557799994946,-6.4470500946,0.556975781918,-0.379346609116,-0.214699998498,-2.54825878143,1.28159141541,-0.497450828552,0.285037457943,-0.0811428502202,0.0327499806881,-1.18014287949
85236,-0.314500004053,-0.442449986935,-0.579741418362,-0.989951610565,-0.23924998939,-0.758831977844,-0.0396571159363,0.341683715582,-0.728402078152,-0.759820461273,-0.507149994373,0.0605328939855
5096,-0.457950055599,1.94454991817,-0.0452509820461,-2.5901350975,-0.213899999857,-0.557428538799,0.216185569763,0.5906457901,-2.64724755287,-0.372658729553,1.89464998245,-1.1855648756
55620,0.247550010681,-0.316799998283,1.36246705055,1.33789896965,2.09080004692,1.43186116219,0.837256789207,-0.615210831165,0.819505035877,2.62050509453,-0.0258499979973,0.395619928837
5373,-0.452100008726,0.038449998945,-0.170575961471,0.307379096746,0.655099987984,0.488551557064,0.413470208645,0.75068718195,-0.235023260117,0.00294510275126,-0.144900023937,-0.186298683286
51170,-0.0494999997318,-3.11625003815,0.662841141224,-1.97535204887,2.24749994278,0.7209456563,-1.15624606609,-0.191434979439,1.73333907127,0.244284242392,0.0965000092983,0.467939317226
54850,0.394250005484,0.0802000015974,0.422566771507,-0.908631682396,0.439450025558,0.0362565666437,0.411320209503,-0.156393259764,-0.409274548292,-0.548753321171,-0.346349984407,1.72290921211
80349,-0.905099987984,-0.946600019932,-1.00330901146,-0.362114191055,-0.102249979973,1.18507230282,2.33910775185,-0.334948658943,1.05347704887,1.15569639206,0.0945999920368,1.47040641308
355,-0.272850006819,1.16864991188,0.188573583961,-1.59583711624,0.119649998844,-0.200807318091,-0.00346095114946,0.145916566253,-0.700754404068,-1.57109308243,0.316000014544,-0.000220198184252
1062,2.45215010643,-0.746899962425,2.13980126381,0.933297157288,0.283400028944,-0.137669503689,-1.16248083115,-0.179536029696,-0.397198855877,-0.132466256618,-0.0325499996543,-0.269096076488
8804,-0.320100009441,-0.500750005245,-0.654700160027,-1.18702697754,-1.01485002041,0.847571134567,-0.313730537891,-1.64937496185,-0.132585287094,-0.272522747517,-0.598749995232,-0.723658680916
80758,-0.316349983215,0.405000030994,-1.60897111893,-0.473788678646,-0.267949998379,0.878465533257,0.141578912735,0.142045944929,0.922859489918,-0.060913413763,-0.827350020409,0.617141366005
375346,0.407700002193,2.24320006371,1.07616209984,3.51302981377,-0.0964500010014,-1.14671468735,-0.494434297085,-0.479643046856,3.4970369339,-1.34466087818,-0.224700003862,-0.499651670456
51385,2.2976000309,-0.413299977779,0.368452429771,-0.00986441411078,0.129400014877,-0.241155952215,0.445925027132,0.43221861124,-1.02972972393,-0.0974962860346,3.8193500042,0.518824577332
55748,-1.29084992409,1.05494999886,-4.2286605835,0.401483356953,-1.62465000153,-0.341260641813,-0.321422874928,0.482974886894,0.640583872795,-3.99798345566,0.560450017452,0.220515966415
10318,-0.916649997234,0.0757499933243,0.639638066292,0.877921104431,-0.686100006104,0.872647821903,-0.151178479195,0.275483220816,-2.97192883492,0.808699846268,-0.673999965191,0.456133753061
54681,-0.583849966526,0.593950033188,0.368169248104,2.212672472,-0.00180000066757,0.203252986073,1.32212650776,0.156423985958,1.78975081444,-0.377236932516,-0.980599999428,0.0209921523929
7905,-0.665549993515,0.329949975014,0.278843224049,-0.510695934296,0.053650021553,-0.115644551814,0.0940700471401,-0.256083369255,0.538079500198,0.219156801701,0.717399954796,-0.343617796898
28969,-0.26344999671,-0.188100010157,-0.728793799877,0.54797410965,0.107349991798,-0.633318901062,-0.609992265701,1.95566952229,1.02924108505,0.240139126778,0.0980000048876,-0.83440387249
10668,-0.809100031853,1.46644997597,0.741727948189,-0.197535485029,-0.307399988174,0.264059841633,-0.681333661079,0.659895122051,-0.316701084375,0.226817548275,1.1317499876,1.34412527084
51005,0.553499996662,-0.445999979973,-0.840689837933,0.378018260002,-0.490950018167,-1.38608336449,-1.02913355827,-0.43969386816,1.49703478813,-0.425524652004,0.167750000954,0.100483670831
8800,0.162200003862,-1.23554992676,-0.823318779469,-0.714030921459,-0.0157999992371,-0.322929799557,-0.601641535759,0.0917825251818,-0.643761277199,0.182483255863,5.22314977646,0.596410214901
54438,-0.0181999802589,1.20434999466,-0.267452657223,-0.0522707104683,0.807150006294,-0.395164608955,4.10153627396,-0.290349960327,0.00910744071007,0.0746385455132,-0.151299983263,0.297239542007
55825,-0.651700019836,-0.791350007057,-0.719912290573,-0.398059666157,0.157099992037,1.2898516655,-0.199603483081,0.578931212425,-0.10139401257,-0.355769872665,-0.249099999666,-0.51908749342
8835,0.355599999428,-1.12045001984,0.570200920105,0.833507657051,-0.0585500001907,-0.397059619427,1.03068220615,-0.0189670398831,-0.917795062065,-0.804758608341,-0.106399998069,1.49558329582
64429,0.156949996948,1.01655006409,0.0110141336918,0.0636143237352,0.483799993992,-4.03341388702,-2.56317734718,-0.828319311142,-0.822117209435,-2.60909199715,0.14209997654,-0.322007894516
3682,0.194600000978,0.426249980927,1.07932269573,-0.881834208965,0.309349983931,0.401706278324,-1.8339151144,-0.619555592537,-1.63754534721,-0.115455687046,0.13069999218,0.208083018661
10329,-0.623149991035,1.52415001392,-0.687927186489,-1.28122842312,0.0358999967575,0.832568764687,-0.408127307892,-0.0543856322765,1.4253487587,1.61757946014,-0.264850020409,-1.15560317039
27109,-1.33429992199,-0.172099977732,0.715149879456,1.96768760681,-1.36849999428,1.77441060543,-0.778624534607,-0.0622168853879,0.447183966637,4.4696149826,0.36645001173,-0.196756854653
51335,1.20749998093,-0.0877499878407,1.59311878681,0.853874087334,0.736699998379,1.29144740105,0.528042793274,0.0426530241966,0.158089742064,0.900445580482,0.00749999284744,0.572465181351
3202,0.359849989414,-0.716050028801,-0.0258678197861,0.098320171237,0.234200000763,-0.044768884778,0.669700682163,0.599524378777,2.14393973351,-0.662132382393,0.0101499855518,0.650454282761
2896,3.04544997215,-1.08595001698,-0.435766488314,-0.464808344841,-5.53254985809,0.308356523514,0.266832709312,0.110967501998,0.925719320774,0.479673922062,0.0506000071764,1.21813178062
79902,-0.277649998665,-0.363700002432,-1.54067564011,-0.710665106773,-0.349400013685,-0.295351296663,-0.946141779423,-0.0547573715448,0.0156822502613,-0.233592182398,-0.41835001111,0.0964022278786
29083,0.0746999979019,-0.0809500217438,-1.3636957407,-1.31568264961,0.488349974155,-0.659622192383,-1.22321844101,-0.442434310913,-0.415040314198,-0.313044637442,-0.52120000124,-0.388293147087
5747,-0.899249970913,-0.526999950409,-5.44409513474,0.534177422523,-4.97160005569,1.67445683479,-0.151013851166,-2.0575978756,0.459608137608,0.745496928692,-5.03424978256,0.887555003166
22905,-0.563449978828,-0.0306500010192,-5.45562028885,-3.4124314785,0.320549994707,-0.0174623541534,0.215662583709,0.0435868911445,2.63911724091,2.54855895042,-0.973000049591,-0.213522151113
63933,0.382600009441,-0.671249985695,-0.767165720463,1.63717055321,-0.285099983215,0.728519022465,0.174408733845,0.902413904667,-0.438302636147,0.499611228704,1.78464996815,-0.255938053131
9847,-1.82680010796,-0.812799990177,-0.399110645056,-0.533928990364,0.169050008059,0.235241413116,-0.50668656826,-2.68404364586,0.388706982136,0.339774370193,-5.36989974976,-2.93522167206
51021,0.275450021029,-0.955349981785,-2.66050624847,-0.385841578245,-0.678650021553,0.478804320097,-3.32127594948,0.253915965557,1.11798143387,0.353101015091,0.207350000739,0.0864876508713
8996,-0.201950013638,0.126900017262,1.83572530746,-0.113219767809,0.15055000782,0.100729867816,0.52715164423,-0.298462539911,0.247279241681,-0.75121730566,0.989300072193,2.05269765854
7376,-0.747349977493,-0.164299994707,-1.00322449207,-0.610349655151,0.472900003195,0.430209308863,0.211688771844,4.78269052505,-0.80347776413,-0.0174062997103,0.97184997797,-0.328946322203
5357,-0.559849977493,-0.288300037384,0.896054148674,0.113195791841,0.17745000124,0.174888148904,-0.749562561512,-3.01032996178,-0.147203981876,0.553267002106,-0.17745000124,-1.59682559967
56940,0.269549965858,2.08270001411,0.442208766937,-0.651628613472,1.21899998188,0.480387628078,0.263908773661,-0.691331028938,-0.330713868141,0.296720772982,-0.183950006962,-0.607385396957
6195,-0.22310000658,-0.552250027657,-0.136992290616,-0.624288678169,0.623100042343,-3.90276432037,-0.0901058912277,-0.777610063553,-0.14413279295,0.0845244973898,-0.393450021744,0.694274306297
1633,-0.379249989986,-0.0797500014305,0.0851496681571,-0.0720067620277,-0.159000009298,-1.26554787159,-0.17615839839,-3.14350318909,-0.110308140516,-0.503075897694,0.383499979973,1.30445659161
23321,-0.00884999893606,-0.66755002737,0.0590471662581,0.720750570297,0.336999982595,-0.743013679981,0.235963121057,-0.0994226485491,-0.456956028938,-0.0349116325378,0.365499973297,-0.297595947981
51160,-0.171099990606,0.69445002079,0.888540863991,-2.71009373665,-5.23140001297,-0.846236944199,-1.09979987144,0.227560773492,0.413813471794,-0.790473341942,1.36399996281,2.40140414238
55604,0.0507499985397,0.979200005531,-0.297610878944,-0.180080220103,-0.558200001717,-0.358317375183,-0.0768253058195,0.163822963834,0.896775245667,-0.799800395966,-0.347950011492,-0.270902305841
2063,0.887350022793,0.614349961281,0.988620638847,0.683200001717,0.0788999944925,0.532516002655,0.429826438427,1.05717945099,-3.57912516594,0.144253253937,0.672749996185,1.7112981081
54512,0.112700015306,-1.433349967,-1.06946909428,-0.430160969496,-3.76360011101,-0.958848655224,-1.07618498802,-0.377291113138,-0.167418763041,-4.68433237076,-0.521250009537,0.153079599142
9124,0.393249988556,-0.974900007248,-0.866838514805,-0.65398234129,1.03519999981,0.522889077663,0.552874565125,0.2653465271,-0.246463000774,0.0124339163303,1.3083999157,0.492660105228
79174,0.199249982834,-0.802500009537,1.90910482407,-0.163032010198,0.561000049114,1.65120720863,0.276618182659,0.265355795622,-0.87779468298,0.271510183811,-0.805599987507,2.13240742683
23223,-4.97349977493,-1.14614999294,0.588765561581,-0.716597497463,0.269849985838,0.588610053062,1.17193853855,-0.436270654202,1.08657062054,-1.50661838055,-0.149399995804,-0.688644647598
39,0.708999991417,0.911199986935,0.382147312164,1.3937650919,0.225549995899,-0.391512900591,-0.956279277802,-0.32042735815,-1.76856184006,0.0970852077007,0.452350020409,-0.0570190250874
57215,0.0680999755859,0.537250041962,1.08300209045,0.858278632164,1.57760000229,0.5721565485,-0.395624488592,-0.388394773006,-0.93815767765,-0.488118767738,0.220600008965,0.537999749184
1052,0.868999958038,1.00250005722,0.414022088051,0.404695391655,1.41304993629,1.35046827793,0.435856640339,1.27733969688,-0.197023034096,-0.232059136033,-0.15649998188,0.524407744408
23139,0.154599994421,-0.41504997015,0.0295613110065,-0.362355291843,-0.526799976826,0.255903542042,2.84726333618,-0.171175897121,1.10559058189,0.867152094841,0.202749997377,-0.272701650858
79947,0.105400003493,1.69284999371,0.427598834038,0.75501459837,0.48219999671,0.332620412111,0.0206778496504,4.85739421844,-0.555637955666,-0.569663763046,-0.418249964714,-0.437944799662
4616,-0.919699966908,-0.255400002003,0.914751052856,-1.56021404266,-0.151950001717,-0.538840711117,1.29753684998,0.0217058360577,-2.24501752853,-0.450590252876,0.0248000025749,2.49696135521
9710,-1.33150005341,-0.425449997187,-0.31883469224,1.49605417252,0.611800014973,0.16302600503,1.48908805847,-0.664979577065,-0.817589700222,0.0808322429657,-0.167350009084,1.86697542667
6990,-0.666049957275,0.996399998665,-0.235616952181,0.829372644424,0.346850037575,-2.0174369812,0.381945222616,0.374866187572,-0.482091516256,-0.0371386148036,-0.430649995804,0.661815106869
29082,-0.0694499909878,0.355250000954,-1.06683206558,-0.408579647541,-0.333050012589,-4.98221158981,-3.04817938805,0.265749335289,-1.97365379333,0.361261636019,1.27649998665,-0.129066362977
9670,-1.75524997711,0.351949989796,-0.134694740176,-1.52255916595,-2.3898999691,-2.51560139656,0.502662360668,-0.0221452564001,-0.920206487179,0.297554939985,-0.110500007868,-0.236084535718
81533,1.02854990959,0.236149996519,0.774194836617,0.270616948605,0.288599997759,1.27037370205,-0.38361042738,0.718055486679,-0.0142264515162,-1.24818170071,0.564549982548,0.122615322471
10525,0.986299991608,-0.397799998522,0.947131633759,1.45113706589,1.42419993877,1.14066135883,0.0921594202518,0.114129155874,-0.684443593025,-0.542270004749,-0.5041000247,0.90145522356
2353,0.875449955463,0.901000022888,0.323976635933,0.0671602934599,0.524249970913,3.63010311127,0.667915344238,0.297728896141,0.0504889041185,1.49466586113,0.179250001907,-0.14795230329
57192,-0.220449998975,0.271950006485,-0.949036300182,-0.458420753479,-2.38355016708,-0.269701272249,-1.10084843636,-0.222964122891,-0.50432062149,5.13343286514,0.45174998045,-0.476320743561
3398,-0.365000009537,-0.426550000906,1.88689696789,0.141894891858,-0.775049984455,-0.123503774405,-1.15692579746,-0.585234642029,0.580327630043,0.241383969784,0.415250003338,0.0819258093834
3775,-0.456999987364,3.49224996567,-0.63231420517,0.0434169769287,-0.607800006866,0.776823461056,0.422152489424,-0.0504895746708,2.04801511765,0.588623642921,1.47219991684,2.17486429214
26064,0.516799986362,0.418399989605,-0.500293433666,-0.137434303761,-0.46020001173,-0.154794305563,1.09642517567,0.246614024043,-1.39571547508,-0.145967394114,-0.484600007534,-1.11352908611
29103,3.21785020828,0.885649979115,1.45789694786,-0.478863716125,-0.173050001264,1.67679345608,-0.0243510454893,-0.36687245965,0.593860149384,0.472462773323,-0.127000033855,0.693323016167
3206,-0.175050020218,0.301699995995,-0.624198913574,-0.956662535667,-3.32740020752,-0.763182580471,-0.477831870317,-1.55250263214,-0.8706356287,-0.337637364864,0.178049996495,0.461130321026
1500,0.631399989128,0.518900036812,0.486861258745,0.730229377747,0.721799969673,0.717089653015,0.682604551315,-1.14910924435,-1.19943022728,-0.321522772312,0.39954996109,0.39376732707
7690,-0.480300009251,2.22009992599,0.882059156895,0.111593216658,0.622200012207,-0.223845541477,-0.315252244473,0.10893984884,-0.736738860607,0.630480051041,0.2554500103,-0.458412706852
29911,0.490350008011,0.22974999249,-0.25896653533,0.278848767281,-0.0188999995589,-0.0982631519437,2.58385753632,-0.81304115057,0.236048921943,0.602072298527,-0.0063000023365,-0.427994996309
2064,-0.281749993563,-0.553449988365,-1.90586555004,-0.148360967636,0.422100007534,-1.22076070309,0.206246584654,0.982316017151,1.35185742378,-0.0595023334026,0.328900009394,0.582197666168
65123,-0.394199997187,0.861699938774,0.0569675564766,1.27374184132,-0.860300004482,0.0144614819437,0.312429666519,0.235659718513,1.52263104916,0.155533850193,0.349599957466,-0.217266961932
5986,0.545149981976,0.899150013924,0.45671916008,-0.160866186023,1.8926500082,0.492418706417,0.652803659439,0.403583228588,-0.272154301405,-0.302550375462,-0.257949978113,1.65171122551
85377,1.5746999979,-0.609549999237,-0.632311165333,-0.56061655283,-1.53705000877,0.236693918705,-0.104028582573,-0.0794124901295,0.153889194131,5.419069767,0.0622999668121,-1.11925852299
9903,-0.126399978995,-1.02030003071,-0.9769718647,-0.244173705578,-1.56624996662,0.0669111683965,-0.536610007286,0.0153028145432,0.97103780508,0.141585350037,0.376600027084,-0.648666322231
7088,0.249850004911,-1.86419999599,-0.231632143259,0.0514454841614,-0.277799993753,0.0405234135687,0.810634851456,0.292772352695,-1.66468787193,0.492679923773,0.161249995232,0.0375179722905
22796,0.509649991989,-4.43109989166,-4.49393939972,-2.54959321022,-0.370800018311,-0.22606767714,-2.68750023842,0.288287550211,-0.870682358742,0.551545739174,0.0321500003338,0.559417843819
51116,-1.2447000742,-0.648299992085,0.110303871334,-2.44513106346,-0.600549995899,-1.03881001472,-3.91945314407,-0.441950321198,0.633101224899,-0.305814743042,-0.531949996948,0.578828454018
54442,-0.649200022221,-0.660799980164,-0.307141214609,-0.419983327389,-0.276900023222,0.0492816865444,0.186761677265,-1.35928535461,1.07716822624,2.15743899345,-0.623950004578,-0.897485256195
10695,0.961549937725,1.54400002956,0.625633180141,-1.44441401958,-0.770049989223,-0.135682240129,0.604541182518,0.716095149517,0.0552598237991,-0.512260019779,-3.24930000305,0.10767762363
102,0.531549990177,-0.0307999998331,-0.772070646286,-0.143645748496,-0.570950031281,-1.1997333765,-0.989778876305,-0.656121075153,-1.37999415398,-1.28044319153,0.0285000056028,-0.376809984446
965,0.0299500226974,1.94675004482,-1.35010147095,-2.22739195824,-0.274150013924,-0.37929597497,-1.38977742195,-0.183768242598,-1.84974694252,-0.420549213886,0.306349992752,-1.31437432766
3800,0.0390499830246,1.34200000763,0.607857167721,-0.274850875139,1.40950000286,-0.4787722826,0.388441860676,-0.806166172028,0.0307249501348,-0.334092438221,-1.75230002403,-0.0399819016457
10362,-0.106050014496,-0.323049992323,-0.732729971409,-1.72639644146,-0.884350001812,0.168109506369,-0.515047490597,0.322276592255,-0.605955958366,0.189778506756,-0.165300011635,0.185236036777
5300,0.397000014782,0.462000012398,0.668536305428,0.310507416725,-2.59154987335,-0.411460250616,-0.361661106348,0.501950621605,-0.139222234488,0.0899686589837,-0.74270004034,-0.713489770889
8270,-0.135199993849,-0.497449994087,-1.79067850113,-1.00665688515,0.680899977684,0.0872173756361,-0.0196297988296,0.300392508507,1.19658780098,-0.179766789079,0.169349998236,1.31887388229
27242,0.214149996638,0.439199984074,0.579722642899,0.492445111275,-0.182149991393,-0.331934988499,0.0709373056889,0.0745656192303,-0.988682746887,0.147444665432,-3.16160011292,0.94891166687
9928,-0.677799999714,-0.169349998236,0.0176598504186,0.125118166208,-0.529100000858,-2.48340463638,-0.675713837147,-0.459335923195,0.456355512142,0.498649328947,1.04114997387,-0.322286903858
1534,-0.592100024223,-0.515049993992,-0.337220162153,-3.51848530769,-0.664800047874,1.13746452332,0.433415651321,-3.52541160583,0.660167992115,0.622576653957,0.151000007987,3.95304393768
5654,-0.0628999993205,0.860149979591,0.446490466595,1.30223608017,1.72079992294,1.36624228954,-0.565057873726,0.836925446987,0.894064068794,0.054944422096,2.00274991989,0.738948225975
10810,-0.20284999907,-0.760749995708,0.374261319637,0.302023053169,-0.110799998045,0.49061113596,0.100243970752,1.51400637627,2.86029624939,-0.892727136612,0.0703500211239,-1.69623088837
7105,-0.52689999342,-0.178299993277,-0.649046957493,-1.04724109173,-0.41014996171,-0.989149153233,-2.06623506546,4.39560461044,-1.69828414917,0.544448912144,-0.626100003719,-0.768549025059
23014,0.474950015545,0.391499996185,0.892268896103,0.231943383813,-0.197099998593,-0.0411835126579,0.151371911168,0.061657205224,-0.446657001972,-0.344873696566,0.0645000040531,0.725857138634
55012,0.0156999994069,-0.193200021982,-0.743210732937,-0.410222649574,-0.277899980545,0.0312109384686,-1.18729829788,-1.8836671114,-1.02556884289,-0.830524146557,0.9728500247,-0.0576525181532
2887,-0.137450009584,0.292100042105,1.37835645676,0.999400317669,-1.11045002937,0.288884878159,2.56880950928,0.639067471027,0.965120494366,0.911948263645,0.306949973106,-0.128869384527
9183,2.89329981804,-0.137050002813,0.920478701591,0.300827115774,-0.202300012112,-0.314025014639,0.0727963447571,0.511791944504,-0.920543015003,-0.620449483395,0.155149996281,-0.632170438766
11151,1.37960004807,1.07404994965,1.27629804611,0.848457574844,0.988749980927,1.19871044159,0.148076221347,0.549412369728,-0.962051987648,0.759148478508,0.604750037193,0.291644781828
7511,-0.967149972916,-1.05904996395,-0.401334375143,0.515754699707,-0.550300002098,0.889554858208,0.240970894694,-0.213213160634,1.25813746452,0.439459443092,0.570899963379,1.16134595871
10046,0.281199991703,0.0622500106692,0.139618515968,-0.0980692133307,0.467849969864,0.438012242317,0.528064489365,-0.557993233204,-0.129870861769,0.506399393082,-0.11210000515,-0.431557744741
1829,0.870850026608,-0.40934997797,0.710330367088,0.529432058334,-1.91540002823,-1.2783395052,-0.0372491553426,0.177490010858,-0.241157397628,0.20547118783,-0.0316500030458,3.61194658279
11000,-0.880499958992,-0.295399993658,-0.321474343538,-0.388683825731,-0.964699983597,0.369340777397,0.425243347883,0.360701709986,-0.00525338947773,-0.447317272425,-0.846249997616,0.516659557819
976,-0.35410001874,-0.29724997282,-0.81604206562,-0.821492552757,-1.00049996376,-1.60865807533,-0.763639330864,-0.525752723217,3.67183351517,-0.13762229681,-0.184299975634,3.46192026138
3597,-0.824949979782,-0.288100004196,-0.886816859245,-0.186838805676,-0.0992999970913,-0.296159446239,-0.377039849758,0.347562909126,-0.549087047577,0.86049002409,-0.381900012493,-0.0715317130089
178,0.071050003171,0.244899988174,-0.385888844728,0.125848278403,0.82264995575,-1.37826919556,-0.322351455688,0.216407969594,-0.729660212994,0.0685394182801,-0.504799962044,2.46973419189
2625,5.10535001755,5.0202999115,-0.0050842165947,-2.14356780052,0.217199981213,-0.07884619385,-1.24690902233,-0.310680985451,0.726301789284,0.68822479248,0.241349995136,-0.0151982307434
6119,0.682300031185,-0.898200035095,0.246124714613,0.00149148702621,-1.01355004311,0.992595613003,-0.111207813025,0.172807902098,-0.0709734335542,0.39805150032,0.445950001478,0.29704272747
26136,0.316649973392,0.338249981403,0.262138098478,1.01036143303,-0.123449996114,-4.77979898453,1.66604459286,0.202957302332,-3.43966698647,-0.158029988408,-0.620200037956,0.118438839912
6697,0.426649987698,-0.0911000072956,-2.07281589508,-1.95409488678,0.825000047684,0.251937419176,-0.886866092682,0.163347512484,-0.549790561199,-0.0229914486408,-0.766900002956,0.110958963633
5971,-0.562450051308,-0.104849994183,0.105433449149,-0.260279655457,-0.871799945831,0.0833470895886,0.162783563137,-0.459854722023,-0.210348576307,-0.851501047611,-0.48970001936,-0.618974924088
22934,-0.716650009155,-1.00464999676,-0.856356978416,-1.01251316071,-10.0,-0.0850985497236,-0.502523481846,-4.97822618484,0.139048784971,-0.343529134989,0.711250007153,-4.05541944504
9289,0.280200004578,-0.17720001936,0.686401486397,0.273850113153,-0.0744000077248,-1.08332109451,0.825197100639,0.379999220371,0.964963138103,-1.1852337122,-1.4021999836,1.00439453125
4931,0.241200000048,1.83754992485,0.54189401865,0.75145560503,1.61299991608,0.587585628033,-2.62600374222,-0.900328874588,-0.57908654213,-0.22791826725,0.058100014925,0.494373112917
4200,-0.406199932098,-0.337199985981,-0.503770530224,0.0229508578777,0.286449998617,-0.452093780041,-1.3019053936,-0.662708461285,-0.84423404932,-0.409471452236,0.181899994612,-0.648093819618
93594,0.0166999995708,-1.15814995766,-0.964618980885,-0.314906716347,0.216650009155,-0.201304584742,0.470946103334,-0.275803923607,0.0108179599047,1.03127884865,0.142799973488,0.552121579647
5982,0.229649990797,-0.554049968719,-1.73210561275,-1.11179506779,-0.420599997044,0.381947219372,-0.466732382774,-0.545658946037,-0.0196239054203,-0.174676537514,-0.10419999063,-0.342739284039
26520,-0.71229994297,0.0266000032425,-1.66806149483,-1.89685559273,0.00034999998752,1.18435704708,0.375469982624,0.0887569487095,1.16282629967,-0.340482741594,-0.349700003862,-1.48105359077
4998,1.89450001717,0.0279000103474,1.44428634644,0.742548406124,-0.851500034332,-0.305846720934,-0.0295726656914,-0.188481748104,-0.98358464241,-0.704001069069,-0.721850037575,0.253219813108
10038,-0.495400011539,-0.78174996376,-1.36874961853,-0.985489249229,-0.363400012255,-0.483243703842,-1.2299592495,-3.00186157227,0.220493808389,0.399992704391,-2.88420009613,-4.07333850861
60493,1.03725004196,2.10085010529,0.0184851586819,-0.494986265898,-0.025549992919,-0.878909528255,-1.02055072784,-1.73838305473,-0.125703662634,-0.712660491467,-0.566799998283,-0.953651785851
51495,-0.807250022888,1.08724999428,-3.67513895035,-3.60919570923,0.920800030231,-0.0781289339066,-1.32751369476,-0.210743799806,-3.82855820656,-2.03652477264,0.226600006223,-0.038209117949
4482,-0.303649991751,-0.740500032902,1.17573785782,-0.98677277565,-0.976899981499,0.366567909718,1.10502231121,-0.930823564529,-0.497652500868,0.438486963511,-0.543999969959,-0.111570812762
23224,-0.0299499928951,-0.347900003195,0.0947517454624,0.447668224573,-0.656349956989,-1.64898741245,-0.592888891697,1.83460009098,0.841221034527,-0.258384257555,-0.68700003624,-0.0074291229248
9690,-0.402350008488,-1.09905004501,-2.03294181824,-0.429528385401,0.189900010824,-1.31801629066,-0.696207523346,-0.515522420406,-0.179129362106,-0.532216489315,-0.244949996471,-1.9258685112
80212,0.000299990177155,-0.736750006676,-0.11982613802,-1.57373952866,-1.32214999199,-0.591923952103,0.880947232246,-0.0740663409233,1.87372469902,1.85320806503,-0.441949993372,0.633752703667
29928,-0.303149998188,0.155899971724,-0.65388327837,-0.537165522575,0.567300021648,0.617808759212,1.0788949728,-0.279413759708,0.368391782045,0.137680903077,0.709800004959,0.7174949646
22809,0.865299999714,0.0399000048637,0.488494098186,-2.20098924637,1.62984991074,0.99992865324,0.685236811638,-0.624972164631,0.214281409979,1.51126205921,1.32519996166,0.418040275574
50814,0.375250041485,0.147750005126,-0.119344525039,0.140441983938,-2.51375007629,-0.365949034691,-0.336745083332,-0.351814687252,0.202732920647,-0.501276016235,-0.932399988174,0.73401761055
55256,0.254850000143,0.406750023365,0.140915960073,-1.04477512836,-2.55714988708,-0.689526677132,-0.742290019989,-0.125746309757,-0.812181353569,0.0122983753681,0.552649974823,-0.304884910583
56997,0.630750000477,-1.09540009499,0.352494388819,0.0599038004875,-0.344749987125,0.256265997887,-0.129541873932,-0.257540106773,-0.177450492978,1.27789330482,0.305750012398,0.56729799509
81544,-0.211650013924,0.0232999995351,0.0668616145849,1.71618330479,-0.21384999156,0.161210179329,0.297062069178,-0.225310251117,-0.62130099535,-0.537470579147,-0.129649996758,-0.148485839367
6894,-0.10624999553,0.325850009918,-0.392207741737,-0.88857793808,-0.0416999980807,-1.13448786736,0.122997537255,0.722086846828,-5.83204650879,0.0408357679844,-1.30614995956,-2.4546353817
64080,0.724150002003,0.133399993181,-1.15401864052,0.614471256733,-0.686850011349,9.57952022552,-0.760930120945,0.266919493675,-0.68316090107,0.0435219705105,0.279850006104,-0.0467963516712
55818,0.844600021839,0.979600012302,1.31443095207,0.532817304134,-0.950349986553,0.591683208942,-0.298448234797,-1.91204857826,0.417616844177,0.458462536335,-0.138049989939,-3.64404892921
637,0.591650009155,0.202149987221,1.27112078667,0.905139565468,-0.597699999809,0.436512261629,0.500867724419,-5.16165447235,-0.284293651581,-0.42187282443,0.669300019741,-0.188884854317
22823,1.2431499958,-0.198600023985,-0.685905337334,0.0967046171427,0.305400013924,-0.414498180151,-0.0103851258755,0.21849912405,0.487764358521,-0.248671293259,-0.0485499799252,0.964421749115
5287,-1.37019991875,0.0517500042915,-0.532554924488,-0.0347824841738,0.144749984145,0.723640680313,0.333026856184,0.403204798698,0.733779191971,-0.356933027506,-0.0767499804497,1.04976916313
91137,-0.199299931526,0.444299995899,1.00263249874,0.180314540863,-1.1751999855,-0.376324206591,-0.264487892389,-0.335463404655,0.214164793491,0.28502908349,1.14330005646,-0.496284812689
23097,-0.658650040627,-0.613150000572,1.64772582054,0.199549794197,-1.09220004082,-1.30289912224,-0.618785321712,-0.0238062143326,-0.222814023495,0.0215336754918,-0.529299974442,-0.263395935297
9851,-0.0929000079632,1.27549993992,1.34080159664,-0.0711036324501,-0.184300005436,-1.07107210159,0.465091407299,0.29797950387,-1.23893880844,-0.339662730694,-0.243200004101,-0.300365418196
23522,-0.309199988842,-0.787050008774,-0.052225112915,-0.818144083023,-0.74975001812,1.53299963474,1.66134274006,-0.554429113865,0.383600175381,1.37083649635,-0.430400013924,0.413160324097
1123,1.42674994469,0.823449969292,1.88349270821,0.332556545734,-1.03509998322,0.527332901955,1.34270095825,0.469891011715,-0.628352463245,0.93593621254,-0.234450012445,4.15043401718
5603,0.144549995661,0.479950010777,-1.66325592995,1.64779090881,-0.687449991703,-0.316785484552,-0.00866554677486,0.13171736896,-0.161146312952,-0.396475732327,-0.1575999856,-0.0496369451284
51569,-0.671149969101,0.478049993515,-1.01249063015,0.335939645767,-0.566449999809,-0.77499204874,0.922959327698,-0.354339629412,1.26181912422,0.818571507931,0.396600008011,-0.14504262805
55699,0.284949988127,0.260150015354,-1.28288936615,-0.351646095514,-0.107250005007,-0.724121272564,-1.86663627625,0.475856423378,0.460574626923,-0.651150643826,-0.462799996138,-1.35612595081
2624,2.72424983978,-0.119800008833,-1.46857953072,-0.853150188923,-1.30134999752,4.24378204346,0.196941837668,-0.147114187479,1.12018477917,1.1123342514,-0.802749991417,-0.721869170666
8204,0.575500011444,-1.39090001583,-0.459729135036,-1.20696210861,-0.368200004101,-2.16334724426,-0.801536083221,-0.016495577991,0.0159259475768,-0.137005478144,-5.66750001907,-0.782378196716
9133,-0.12935000658,0.116350002587,-0.0818722695112,-0.939322590828,1.36860001087,-0.165264189243,-1.17749369144,-0.049584608525,-0.478178977966,0.705907225609,0.0913999974728,0.213469386101
10921,-0.810000002384,-0.256949990988,-0.264970421791,-2.22949528694,-0.118149995804,0.814484536648,1.96554875374,-0.0997299551964,0.733494639397,-0.780557334423,-3.4797000885,-0.820967614651
51742,-2.48514986038,-0.0135500133038,1.2105679512,-2.2893512249,0.810200035572,-0.843695044518,-3.83904051781,-0.40814140439,-0.203841596842,1.2112416029,-0.059249997139,0.903351962566
2954,0.670649945736,-1.03415000439,-0.341242492199,0.462002396584,-0.0200999993831,-0.739786684513,0.986944437027,0.448330670595,-0.133357092738,0.795657277107,1.74504995346,0.753194272518
27244,-0.0587999969721,0.522149980068,0.0766096562147,0.848461806774,0.888749957085,-0.312818616629,0.538509488106,0.622675895691,-0.469305843115,4.44000434875,0.153899997473,0.127389073372
23013,0.833150029182,-0.914600014687,0.423015266657,-0.423271596432,0.120800003409,-0.295253366232,-1.9286468029,-0.52839756012,-0.187173813581,0.991432785988,0.0746500492096,-0.367296755314
8050,-0.475999981165,-5.93260002136,1.01921582222,0.132455527782,0.279599994421,0.125974610448,-0.877375006676,-0.259464204311,0.160704821348,-0.419518470764,0.109700024128,-0.53488779068
79961,0.0299500003457,0.940999984741,-0.486947149038,-0.146672785282,0.298050016165,-0.39270311594,0.564212739468,-0.0161635279655,0.529270648956,-0.719334542751,-0.185149997473,-0.759430706501
2017,-0.261800020933,0.094300031662,-0.35088455677,1.60286211967,-0.102950006723,-1.80461764336,-0.207728743553,-0.0658930018544,-0.805853009224,-0.841975986958,-0.0199500024319,-0.907079875469
55148,1.37879991531,-0.088799983263,0.279341369867,0.93823236227,-0.41890001297,-0.192296653986,0.347890347242,-0.192395746708,0.193505138159,-0.204046994448,0.0494500026107,0.282971203327
960,-0.225150004029,0.0365500003099,-0.575947880745,0.438280403614,-0.84274995327,-5.63198328018,0.565030157566,-0.723268210888,-2.55303812027,-1.2241435051,-0.48400002718,0.330131262541
10451,-1.42414999008,-0.436949968338,0.0710096806288,-0.0593020580709,0.423199951649,1.098757267,-0.963976323605,-0.198430791497,3.44422531128,0.420052677393,-0.428500026464,1.84692907333
57406,0.0362000018358,0.914149999619,1.61222994328,0.600918233395,0.693499982357,0.990472316742,1.78854417801,-0.00596000254154,-0.458680957556,0.252669602633,0.906199991703,0.777037978172
51719,0.245350003242,0.188999995589,-0.36249256134,0.697045683861,-0.240299999714,0.760716319084,0.434299379587,-0.0602949410677,0.29282450676,-0.139530807734,-0.106550037861,0.985566675663
7074,1.01849997044,1.09485006332,1.42445445061,-0.264829903841,0.117450028658,-0.538563787937,-0.268728733063,-0.593833267689,0.0394888669252,0.533105671406,1.11899995804,0.274289131165
10059,-2.27609992027,0.214600011706,-0.199884384871,0.428663790226,1.47595000267,-0.229188352823,-4.08218574524,-0.124329552054,-0.191493734717,-0.157738745213,-0.0159500017762,-0.624255657196
51071,-0.489099979401,-0.570499956608,0.396404117346,0.424802780151,0.502050042152,0.0909670069814,-0.139291316271,0.523499250412,-2.55761909485,0.985850453377,0.0279000010341,0.418650388718
5796,1.16604995728,0.439649999142,0.664222538471,0.60573387146,0.463400006294,2.06034040451,0.787404000759,0.271494477987,-0.251536667347,-0.0755390673876,-0.719950020313,0.251667737961
55008,0.0434000045061,0.00209999084473,-0.0372470617294,0.510337293148,-0.420249998569,-1.30062794685,0.281604111195,0.0638190060854,0.283867418766,-0.304587721825,-0.00734999775887,-0.673314809799
23597,-0.311800003052,-1.76055002213,-0.731533646584,-0.418321341276,0.361099988222,1.22166979313,-0.37085428834,-0.98032438755,0.52382349968,0.31232085824,4.67920017242,0.259257674217
8869,0.0507000088692,-0.709850013256,2.022595644,0.701734721661,1.4701499939,-1.04194700718,-0.342153280973,4.80754852295,0.133809179068,-0.530668079853,-1.27404999733,0.378395587206
8727,0.242300003767,-0.393099993467,-0.0755797028542,0.420215189457,-0.193149998784,0.432428538799,0.873512744904,-0.862443327904,-0.239790335298,0.385159403086,0.71565002203,-0.132203385234
63874,0.491050004959,0.0352999567986,0.614464104176,-0.29983535409,0.439499974251,-0.717098653316,0.155416220427,-0.372068732977,-0.303358286619,-0.830883026123,-0.142399996519,-0.528584122658
8821,-1.62650001049,1.06034994125,1.90638422966,-0.703281581402,-0.3587000072,-0.721380293369,0.370903223753,-0.979829251766,-0.136725589633,-0.1456566751,0.281899988651,4.04233551025
57178,0.201600015163,0.424099981785,1.02747106552,2.41825914383,-0.449149996042,0.827014088631,0.909933686256,-0.203711122274,2.38918995857,1.35111808777,-0.344049990177,0.540792584419
5468,0.579949975014,0.201999992132,-0.289086729288,2.01795315742,0.39105001092,-0.465480029583,-2.15289163589,0.154224768281,-0.121205061674,0.704857230186,-0.205200001597,0.725588202477
10557,-0.0825999975204,-0.265899986029,-0.4812964499,-0.656444311142,-1.1427500248,-2.09353947639,0.00416743755341,-1.35208463669,-0.336286008358,-0.0587923228741,0.794349968433,2.38816189766
831,0.161799997091,-0.173299998045,-0.25689804554,0.564345657825,0.556699991226,-1.20803558826,0.31106698513,0.40271282196,-0.724249601364,-0.796937644482,0.0694999992847,0.341785669327
9531,0.576849997044,-0.151000007987,0.0856729447842,-0.388524413109,-0.110949993134,-0.294254779816,-1.79830861092,-0.201319694519,-3.72068309784,-0.086954832077,-0.296849995852,-0.43502163887
2767,2.1642999649,-0.976549983025,-0.664398670197,-0.0936646685004,0.189049959183,-0.161589577794,-0.303266346455,0.207136482,2.34290671349,-0.082703769207,1.4306499958,-0.324030220509
1861,-0.21400000155,0.139300003648,1.00788521767,0.398627907038,0.61259996891,0.178368330002,0.527039766312,-0.130066648126,0.279199719429,-1.34378957748,0.252149999142,0.0387980900705
10165,-1.06834995747,-1.06239998341,-0.287174731493,0.00142121315002,1.37030005455,0.730491042137,-1.02411901951,-0.148644968867,1.23227798939,0.384654998779,0.687849998474,1.76847219467
7106,-2.51234984398,-1.44585001469,0.77387958765,-4.66246986389,-0.659299969673,0.367860794067,0.252139806747,-1.35556697845,-1.83533990383,0.405899494886,0.014200001955,0.0333855524659
2908,-0.81200003624,0.222749993205,0.69580745697,0.595983743668,1.9849499464,-1.28209543228,6.49635457993,-0.550880610943,-1.19870936871,0.765472650528,0.404249995947,-0.696111679077
57761,0.312900006771,0.130800008774,-0.565429627895,-0.269632309675,-0.0638000071049,1.07932376862,2.10981321335,0.978099226952,-2.78482151031,1.14969944954,-0.00034999998752,0.943893134594
23338,-0.399500012398,-1.26460003853,-1.373442173,-0.389647066593,-1.1766500473,-0.901238739491,3.86030626297,-0.411332845688,1.34967947006,-0.165722027421,0.911450028419,-0.517565429211
7852,0.191550001502,0.563099980354,1.00459671021,0.186872750521,0.877050042152,0.618099808693,0.197801232338,0.0260646045208,-0.809484004974,0.432773649693,0.454100012779,-0.366514772177
55033,0.129000008106,0.136500000954,-0.528028130531,0.234308615327,0.0173500031233,0.97991502285,1.8801664114,-0.657142758369,-0.391300976276,-0.598970472813,0.506699979305,-0.248185932636
57019,0.393799990416,-0.565750002861,1.11215353012,-0.28433650732,1.24764990807,-0.445776343346,-0.460853695869,0.111176341772,-0.13989187777,-0.613470613956,-0.0502000153065,-0.41029292345
91949,-0.294950008392,0.861600041389,-0.995780050755,0.0196995101869,-0.582650005817,0.127830326557,0.127452105284,-0.0830100029707,-0.664955258369,-0.337416827679,0.226099967957,-0.600885152817
84617,-0.915099978447,0.3166000247,1.37609243393,-0.399445980787,0.410800009966,-0.831876814365,-0.884351968765,-0.102757900953,-1.60614514351,-0.256904214621,0.212600007653,-1.8179359436
25,0.699699997902,-0.327000021935,-0.385752558708,-0.708524465561,0.66939997673,-0.725969016552,0.816185832024,-0.825043976307,1.2077614069,1.03983044624,-0.213349997997,0.136276394129
899,-0.562900006771,-0.519100010395,-1.33952069283,0.574111282825,-0.114150002599,-0.167257010937,-0.195334434509,0.0377023071051,0.353990375996,-0.182611018419,4.95594978333,1.30933046341
79850,-0.729349970818,1.95889997482,0.0183571875095,1.07821953297,1.03965008259,-1.51660883427,-4.23020792007,0.0186279714108,-0.183248490095,0.795323133469,-0.671249985695,0.114481449127
51466,1.93699991703,0.587650001049,-0.631053328514,0.106166124344,-1.11325001717,0.897571802139,-0.560729801655,0.973826289177,0.938966274261,2.19658660889,-0.484950006008,-0.235279768705
2852,5.47685003281,0.804049968719,2.09839916229,0.515433549881,0.377499997616,0.765155553818,0.261916697025,-0.232011944056,-0.623533368111,-0.356395810843,-0.560000002384,0.762097835541
55837,3.94379997253,1.90234994888,-0.291139215231,0.269210398197,0.203999996185,-0.165792346001,-1.07880580425,0.061588704586,2.32518839836,0.764412820339,-0.0534000098705,-0.759663105011
2131,0.0280999988317,0.184799998999,0.836814582348,0.591684341431,0.384400010109,0.189223200083,0.561563849449,-0.0306126307696,-0.936893641949,0.160768792033,0.197450011969,-0.193486273289
5427,-1.72994995117,-1.57984995842,-0.453688174486,-0.954655408859,-0.243450015783,-0.7268922925,-0.418882757425,-0.313454061747,-0.970362305641,0.48482644558,-0.771499991417,0.323499619961
25966,-0.296050012112,-0.379700005054,-0.570290267467,1.73074293137,0.162650048733,-1.10785067081,0.48943939805,5.10587358475,0.745270490646,1.33968198299,-0.262699961662,0.289699554443
55608,-0.398200005293,-0.267899990082,-1.09661078453,1.18393611908,0.103549957275,-0.400293946266,-0.349558442831,0.752151429653,1.87900018692,4.61677646637,-0.80269998312,1.25105071068
1662,-0.0534500032663,1.22650003433,-0.777534127235,0.978010892868,0.0936999991536,0.469186306,-0.0619394481182,-0.529865443707,0.281747847795,0.199212253094,-2.05905008316,-0.87338912487
9702,-0.0920499935746,0.588599979877,1.25508332253,0.805476367474,-0.882250070572,0.115933038294,0.897929608822,0.658007860184,-0.745391249657,0.742743909359,-0.115599997342,1.05884754658
11031,-0.309199988842,-0.556450009346,0.784286618233,0.723582983017,0.783399999142,-1.42390096188,2.52774214745,-0.816052258015,0.854165554047,0.0255517475307,0.241349995136,-1.31369543076
10057,1.42145001888,-0.190250009298,0.828482866287,1.1781154871,-0.499300003052,4.95922088623,-0.169083118439,0.568516373634,1.11819565296,0.130388557911,-0.0166499912739,-0.602915406227
5985,0.375900000334,0.197000011802,-1.80341255665,-1.65086019039,0.132600009441,-2.315792799,-0.253625929356,-0.892187654972,-4.07598114014,-0.633452892303,-0.106299996376,-0.0266884863377
3280,0.130900025368,0.151250004768,0.700109362602,-0.297449588776,-0.653349995613,0.917972207069,1.12340509892,-0.345043540001,-0.0644991397858,0.28964304924,0.648399949074,0.0166073739529
55958,0.886249959469,0.473450005054,1.20306634903,0.235611796379,-0.840049982071,-1.25717508793,0.130326420069,-0.536511719227,-1.03200042248,-0.432107686996,0.194249987602,0.559276640415
51465,0.93105006218,0.422350019217,1.65600478649,0.391443729401,0.609750032425,0.460166364908,-0.0789918676019,1.13414502144,-0.854645609856,0.0701423734426,0.469399988651,-0.0532740652561
2542,-0.761099994183,0.756400048733,-1.16358852386,-0.0540643036366,-0.571900010109,0.277681618929,0.413945317268,-0.296991705894,1.32978224754,0.71101629734,-0.238499984145,0.180352404714
10641,-2.7990500927,-0.585850000381,-0.260763347149,0.413985610008,-1.02215003967,1.2010396719,-0.189137399197,1.02935087681,-0.140328764915,1.0027577877,0.735800027847,0.605355620384
11137,-0.697650015354,-0.526600003242,0.631337463856,-3.21247053146,0.525650024414,-0.104517072439,-2.38497495651,-0.189428925514,-0.977377295494,0.152123570442,-0.427399992943,-1.17388248444
9842,0.15854999423,-1.98995006084,0.0820018053055,0.88405752182,-3.44120001793,0.756054759026,1.22588825226,0.679333746433,-0.745661497116,-0.000804645940661,-0.895299971104,0.754271149635
10493,-0.411249995232,-1.516299963,0.282608658075,-0.214739859104,-0.548550009727,0.952997803688,0.753252148628,0.657860577106,2.77604556084,0.0515919178724,0.313100010157,0.0845134556293
10112,-0.383450001478,0.347799986601,-0.641513347626,-1.02665233612,-0.544300019741,-1.38240790367,-3.51616001129,-5.16915130615,-0.232461228967,-0.00368165969849,1.33480000496,-0.560073018074
1001,0.899600028992,-0.482249975204,0.525303065777,-1.38894736767,0.39050000906,1.74350309372,1.56668031216,2.49083805084,-0.0357400178909,-1.25988256931,0.226750016212,-0.424661159515
23635,0.266400009394,1.33765006065,0.576163351536,0.229297161102,0.360300004482,0.697534263134,2.99538826942,0.415307611227,0.244311273098,-0.00271767377853,-1.42229998112,0.128985792398
29916,0.108549982309,-0.619400024414,-0.991851866245,-1.08906316757,-0.822000026703,0.280938625336,1.00870883465,-0.00776964426041,-0.0335761532187,0.115701705217,4.03159999847,0.048179436475
2810,0.0510499998927,-0.565800011158,-0.273472607136,-1.1904835701,-0.642599999905,0.1794257164,-0.14114677906,-0.521769225597,-0.81874525547,0.328212857246,0.838850021362,-0.0549859106541
5993,-0.281350016594,0.226300016046,-0.427356123924,0.25046685338,0.765299975872,-0.429714769125,0.0712860003114,-0.267763972282,-6.43321418762,-0.35162588954,-0.953450024128,0.270048499107
11142,-0.0898500084877,0.00890000164509,0.645985066891,0.861958503723,-0.455049991608,0.355749994516,0.483984589577,-0.107193738222,-0.673144817352,-1.14203131199,-1.0733499527,-0.597121119499
79187,-0.873049974442,0.0771999955177,1.03958415985,0.262390911579,0.167350009084,0.027293657884,0.640629351139,0.102806545794,-1.27713894844,-0.840991258621,-0.287950009108,0.215028584003
51382,-0.568949997425,0.45585000515,-0.732224583626,-1.59959208965,0.128949999809,-0.847942590714,-0.614503204823,-0.550090193748,-0.420780420303,0.277698725462,-0.499099999666,-1.1796631813
8318,-4.2704000473,0.793500006199,1.17079472542,-0.527980566025,-3.5148999691,-0.700582146645,0.149126291275,-0.544357359409,-0.907496869564,-0.259663373232,0.321149975061,0.202250286937
9695,0.723349988461,1.07675004005,0.898573935032,1.05195236206,-0.977100014687,-0.619459629059,0.379082858562,0.13077417016,-0.468595981598,-0.204955771565,4.62099981308,-0.28417173028
9712,-0.852200031281,-0.270000010729,-0.831975996494,-0.0616500675678,0.828800022602,-0.310703784227,0.102576300502,-0.00975446403027,0.473848283291,-0.132746458054,-0.0374500155449,-0.363454341888
64943,-0.563300013542,0.367100000381,-0.101859912276,-0.705298066139,-1.31014990807,-0.422514796257,-0.9263677001,0.246004149318,-0.434174150229,-4.80020523071,-0.025900002569,-0.5783867836
9738,-0.197349995375,0.294650018215,0.176596701145,0.150302141905,0.272650003433,-1.13908219337,0.324325114489,0.584316015244,0.550476074219,4.48206615448,-0.118149995804,-1.44462108612
6793,1.05324995518,0.631150007248,1.21777391434,0.901768326759,0.547200024128,-0.00422183517367,0.30515486002,0.910710453987,0.555631756783,-0.506439089775,1.90024995804,-0.0387213155627
7358,-0.708750009537,0.104249998927,0.823367416859,-0.266200423241,-1.89690005779,-0.644485712051,0.254719495773,0.235165685415,-0.426443934441,-1.22612273693,0.244650006294,0.870119333267
58472,-0.336650013924,3.21785020828,-0.180366814137,-0.0980100482702,-0.976099967957,1.00107979774,0.318540483713,-0.317197322845,0.30600348115,0.410175681114,0.236950010061,0.554044306278
50865,0.232600003481,-0.412200003862,0.0416267812252,-3.08526325226,0.250999987125,-0.427767515182,-0.784574687481,-0.590753793716,-1.28418242931,-0.537578761578,-0.133049994707,0.588874161243
23200,0.454299986362,1.36280012131,-0.713951230049,0.679143071175,0.360400021076,1.26677942276,0.566242814064,1.31370234489,-0.260282665491,0.115614160895,0.214549988508,0.813101291656
51293,-2.3178999424,0.274850070477,-0.701285779476,-0.622166395187,-1.30624997616,-0.0468270257115,-2.44190883636,0.498058736324,-0.183575063944,-0.603841423988,-0.251399993896,-1.58631181717
10962,-0.978650033474,-0.895799994469,0.760411381721,0.179039731622,-1.48449993134,1.97292435169,-0.763283193111,-1.57158195972,0.566710293293,-1.52237486839,-0.128699988127,-3.32419037819
10153,0.646750092506,-0.528450012207,0.265862852335,-0.156853765249,-0.763049960136,0.630683243275,-1.29948866367,0.108880080283,0.274669080973,-0.89282232523,-0.0313500016928,-0.388259798288
874,-0.628050029278,-0.475199997425,0.280724823475,-0.181730479002,-0.447400003672,0.681317090988,-0.848947644234,4.62292957306,0.428965777159,0.467158138752,-0.567499995232,0.0134816020727
