rid,DOS055_A375_24H:BRD-K40161407-001-01-4:5,DOS055_A549_24H:BRD-K40161407-001-01-4:5,DOS055_HT29_24H:BRD-K40161407-001-01-4:5,DOS055_MCF7_24H:BRD-K40161407-001-01-4:5,DOS055_PC3_24H:BRD-K40161407-001-01-4:5
5720,-0.211199983954,0.407499998808,0.877136945724,0.603689670563,-0.468599975109
466,-0.446850001812,-1.2893999815,-0.32942584157,0.220213890076,-0.652949988842
6009,-0.376399993896,1.05385005474,0.703337192535,1.45662486553,0.620499968529
2309,0.793499946594,1.81144988537,-1.33000433445,0.467664599419,-0.710600018501
387,-1.21775007248,0.184049993753,0.24213822186,-0.584581434727,0.824849963188
3553,0.272100001574,-0.103450000286,-1.22967767715,-1.05688154697,-1.64125001431
427,-0.54960000515,0.134599983692,0.0123772621155,-0.286381840706,-0.565050005913
5898,0.213400006294,-0.255100011826,-0.235829949379,-1.24247169495,-0.77555000782
23365,-0.492349982262,0.0390999987721,0.349045157433,0.157817408442,1.09905004501
6657,0.0714499950409,0.477699995041,-0.88723897934,-1.40916991234,-0.487599998713
5054,0.1766500175,0.141300007701,-0.665019273758,0.320954203606,-0.297049999237
3108,-0.850250005722,0.291800022125,0.37571233511,-0.234050482512,-0.710749983788
1950,1.3206499815,-0.161299988627,-0.172452062368,-0.504367887974,-1.25870001316
351,0.142449989915,-1.46239995956,-0.43048286438,0.51673412323,-0.914000034332
4846,0.740000009537,0.306299984455,0.181836351752,-0.866415798664,-1.62714993954
1452,-0.317699998617,-0.459350019693,0.716250956059,-0.0742099583149,-0.347649991512
4776,0.854549944401,0.38354998827,-0.338608503342,-0.388362646103,-0.452549993992
6908,-0.495000004768,0.542850017548,1.31075799465,0.991223454475,1.07929992676
672,0.306300014257,-0.702250003815,-0.498249709606,0.0588616430759,-0.0900999903679
5710,-2.21659994125,-0.0258500576019,1.44342052937,0.444783240557,0.653349995613
2115,-0.181849986315,-0.378600001335,-0.244703009725,-0.974466383457,0.665199995041
7015,0.0862500071526,-0.120350003242,-1.07124054432,-0.395015567541,-1.15650010109
8726,0.3125,-0.446749985218,0.165888339281,-0.705803751945,0.390800029039
2185,0.916049957275,0.0806000083685,-0.999936580658,-1.04028689861,-0.533949971199
3315,-0.372850000858,-0.263899981976,0.622922062874,0.0086680566892,0.92954993248
5289,0.997099995613,-0.247650027275,-0.868122696877,-1.16618251801,-0.446900010109
868,-0.209199994802,-0.742999970913,-0.655714154243,-0.409011602402,-1.05789995193
1677,0.84350001812,-0.64610004425,0.105438508093,-1.00626003742,-0.292850017548
7043,-0.135550007224,-0.00789999961853,-1.59413611889,-0.586782574654,0.230900004506
5613,-0.0611500144005,-0.103099986911,-0.688310742378,-0.448401778936,-0.112099990249
595,0.0679000020027,0.943750023842,0.869585692883,0.532091319561,0.88814997673
4793,0.0688000023365,1.09614992142,0.182860121131,-0.573395967484,-0.480300009251
2736,0.536399960518,-0.375349998474,-0.577334403992,-0.646057248116,-0.996450006962
5290,0.0984500050545,1.61315000057,-1.55755364895,-0.760723233223,-1.17544996738
6194,-0.391900002956,-0.000699999975041,-0.000976229435764,0.0670341178775,-0.00065000000177
1676,0.437150001526,-0.422350019217,-0.691585242748,-0.983230233192,-0.544350028038
23512,0.413249999285,-3.71029996872,0.0229602288455,-0.539711892605,0.666049957275
148022,-0.469200015068,-0.665449976921,-0.243889555335,-0.688184082508,0.378750026226
1906,0.455350011587,-0.64209997654,-0.960178554058,-0.359049469233,-0.856450021267
8878,-1.18974995613,-0.508949995041,0.864646613598,0.40040242672,0.367500007153
3091,-0.0277499854565,0.0577000081539,0.816760420799,-1.48533713818,1.40779995918
5743,1.19735002518,-0.105949997902,1.00809109211,0.281116753817,-0.076700001955
5321,-0.55269998312,0.399649977684,-1.44915020466,-0.0552009791136,-0.76004999876
4144,-0.0764999985695,-0.844200015068,-0.423522561789,-1.47900104523,0.602249979973
1981,-0.88220000267,2.34965014458,-0.0180927403271,0.460216015577,-0.844049990177
695,0.184399992228,0.385849952698,0.168015688658,0.753962039948,-0.143150001764
10398,-0.0562500059605,-0.385850012302,-0.813986003399,-1.57734489441,-0.313149988651
5708,-0.294799983501,-0.844699978828,0.506443083286,0.119256213307,-1.31430006027
1213,-0.89234995842,0.698549985886,-0.755074679852,0.160152286291,-0.177899986506
226,-0.316249996424,0.500400006771,0.65484893322,0.343199700117,-1.76215004921
6777,-0.393949985504,0.442000001669,-0.990631699562,-0.0591226257384,0.635749995708
2113,-0.590300023556,-0.244650006294,-1.0233027935,-0.530529856682,-0.457500010729
3329,-0.0520500093699,-0.463349997997,0.467520713806,0.973612904549,0.491549998522
1050,1.90275001526,-0.0450499653816,-0.428558886051,2.30450963974,0.284350007772
9491,-1.38379991055,-0.111100003123,-0.540783941746,0.353925853968,-0.752950012684
22926,0.199499994516,0.305500030518,-1.65350699425,-0.35617005825,-0.391399979591
5899,-0.503300011158,0.321949988604,-0.0164613556117,0.701515138149,0.462849974632
5467,1.78225004673,0.382800012827,-0.500865757465,-0.74584788084,0.135199993849
6774,-0.284399986267,-1.27649998665,-0.872743189335,0.690195739269,-1.02284991741
1788,0.176950007677,0.0830000042915,-1.30834400654,-0.372019261122,0.163499981165
5921,-0.939100027084,-1.16454994678,3.53543543816,0.335528701544,1.53714990616
5721,-0.0715000033379,-0.389050006866,0.00573945790529,-1.56811261177,-0.721399962902
2263,0.019500002265,0.699000000954,-0.476051867008,-1.32902872562,0.425299972296
808,0.545249998569,0.662649989128,-0.348992645741,-0.170602679253,-1.35654997826
30001,0.350099980831,-0.206100001931,1.02581620216,0.237508237362,0.257400006056
348,0.50024998188,1.03635001183,1.48735010624,-0.342376172543,-0.597450017929
30849,-0.978100061417,0.141599997878,0.403595000505,-0.325752675533,1.16444993019
1454,-0.579550027847,-0.454699993134,-0.523451447487,-0.562979280949,0.157550007105
6500,-0.376550018787,-0.298100024462,0.722769975662,0.689823806286,2.7131998539
5627,0.173350006342,-0.574649989605,0.548359394073,0.188257992268,1.27464997768
5715,0.786000013351,-0.15545001626,0.758019268513,-0.0541186034679,2.2241499424
4791,1.08670008183,-0.184199988842,-0.808580517769,-0.647304832935,-0.393250018358
56924,-0.579450011253,-0.965049922466,0.0826824232936,1.20454156399,0.626249969006
2690,0.203049987555,-0.756449997425,1.13669097424,0.503214716911,0.323700010777
1019,-0.0257000029087,-0.205449998379,-0.317450940609,-1.3122150898,-1.53025007248
51422,1.27904999256,-0.3070499897,0.962188363075,-0.688134253025,-0.529250025749
5788,0.443549990654,-0.953649997711,-0.322306424379,-0.844375371933,-0.0316999852657
6709,-0.909049987793,0.715149998665,0.963369548321,0.981016755104,0.426550000906
1277,0.426299989223,-0.0444000065327,0.366661965847,0.268445909023,0.40569999814
993,-0.386500000954,0.610350012779,0.693910062313,0.333161592484,1.15175008774
7157,-0.977599978447,0.522400021553,-0.337522685528,-0.812956988811,-0.0108999982476
1958,-0.0913499966264,-0.553050041199,0.0935858786106,-0.312495261431,-0.352899998426
4582,-0.572449982166,-0.908199965954,-0.360847592354,1.84655952454,1.00080001354
9212,-0.446900010109,-1.94439995289,-0.798745393753,-0.546333968639,-0.438600003719
8440,1.13269996643,-0.0473999977112,0.0158047005534,0.202126562595,0.0908000022173
6790,-0.409000009298,0.106850005686,-1.84849715233,-0.00409325957298,0.622650027275
8851,-0.0706500038505,-0.450650006533,0.351926803589,-0.194384947419,-1.06054997444
2534,0.128949999809,0.732749998569,0.0937480255961,0.206757411361,0.340200006962
4893,0.293200016022,-0.465000003576,-0.286256283522,1.01142513752,-0.969499945641
665,-0.202650010586,-1.50575006008,0.519633054733,-1.45668268204,1.41954994202
4313,-0.763949990273,0.234550029039,-0.57963269949,-1.02185094357,-1.70350003242
1022,0.116850018501,-0.0766000002623,0.628849506378,0.343348652124,-0.631300032139
5880,-0.327650040388,0.30735000968,0.570445537567,-1.2303301096,0.175300002098
3162,-0.599650025368,0.0377999991179,0.539835453033,0.988629579544,1.26129996777
1282,-1.44269990921,0.557100057602,-1.35659503937,-0.904543161392,-1.08039999008
3383,0.501700043678,0.891749978065,-1.01744997501,-0.52532017231,-1.41390001774
727,0.832800030708,0.17199999094,-0.43261924386,-1.05088615417,-0.374949991703
4792,-1.47265005112,0.24169999361,0.198567301035,0.680992662907,0.613049983978
4794,1.18814992905,-0.0273500084877,-1.39592671394,-0.988373696804,-0.89595001936
902,1.30500006676,-0.618849992752,-0.219517052174,-0.410305261612,-0.278149992228
8091,0.573249995708,-0.728150010109,-0.584381103516,-1.06707763672,0.865249991417
3486,-0.412050008774,-0.871199965477,-0.977880418301,-0.927494704723,-0.257399976254
10818,-0.0944499969482,-0.0410499870777,-0.844530701637,-0.440593183041,-0.204400002956
3454,0.00685000419617,-0.306349992752,-1.01154339314,-2.48291254044,-1.00594997406
4282,-4.95445013046,-0.000850000069477,-0.044573482126,-0.0266773160547,0.00164999999106
1605,0.672699928284,0.473450005054,0.608013868332,0.865528702736,0.885450005531
10644,-0.0570999979973,0.236400008202,-0.164332106709,0.873699188232,0.537500023842
2065,0.351849973202,-0.268650025129,0.535787165165,0.289654582739,0.267500013113
8321,0.791899979115,-0.379999995232,-0.697396636009,-1.53666734695,-1.28090000153
8503,-0.0101999640465,0.21645000577,-0.0545990504324,-1.06757080555,1.38785004616
7027,-0.506749987602,-0.0513000041246,0.506153821945,-0.386743813753,0.181249976158
6850,1.06950008869,0.366650044918,-1.07919418812,-0.49695533514,-1.0108499527
1978,-0.620449960232,0.944550037384,-0.385034114122,0.264488756657,1.04110002518
896,-0.364650011063,-3.00834989548,0.170606926084,0.331580936909,1.04670000076
5777,0.583050012589,-0.743399977684,-0.0792090296745,0.530162930489,-0.421549975872
1846,-1.34609997272,0.740100026131,-0.39587238431,1.13228547573,1.40205001831
5925,0.773250043392,-0.0626000016928,-1.32711243629,-0.484737426043,-1.0612000227
142,-0.66865003109,0.550450026989,-0.92785680294,0.96267169714,-0.68514996767
1021,-0.178949996829,-0.471249967813,-0.476339489222,0.0920224487782,0.93180000782
5699,-0.00854998826981,-0.357899993658,-1.01207208633,0.0191435925663,-0.208299994469
8061,-1.30349993706,0.384350001812,0.41879555583,-1.1619822979,0.654449999332
1870,0.373899996281,-0.618099987507,-0.439576387405,4.0151424408,0.0545499920845
1398,-0.075900003314,-0.620350003242,-3.80203437805,-1.44862389565,-3.20595002174
3312,-1.3642500639,-0.0728499889374,0.470028996468,-1.58884990215,1.00265002251
891,0.950299978256,-0.312850028276,0.182812869549,-0.349101811647,0.5325999856
4775,0.494200050831,-0.0298000052571,-0.327795773745,0.321771740913,0.0637999773026
5111,-0.0869999974966,0.0461999997497,0.692551314831,-0.139327824116,0.092950001359
5696,-2.61070013046,0.68465000391,1.26503920555,-0.662008285522,0.74564999342
5588,0.160250008106,0.257499992847,-0.191310733557,-1.45077896118,-0.365850001574
6839,-0.979550004005,-0.705150008202,1.14181363583,0.674690425396,0.162049978971
329,2.94939994812,1.20139992237,0.0219965577126,0.5629581213,2.96685004234
5058,-5.25549983978,1.31404995918,0.241094201803,-0.776109874249,-0.911099970341
998,-0.0786000490189,-0.243000000715,1.48749899864,0.89423418045,1.51795005798
9134,-1.39744997025,-0.311049997807,-0.418990522623,-0.354311823845,-1.58455002308
6616,2.14755010605,0.668850004673,-0.258265197277,-0.201978519559,-1.75635004044
5223,-1.24405002594,-0.482699990273,0.753221869469,-0.134943395853,0.885100007057
4690,-0.179349988699,0.163500010967,0.913517475128,0.518892467022,-0.335699975491
958,0.355199992657,-0.348249971867,-0.76560240984,-0.118192225695,-1.27415001392
1616,-0.0517500005662,-1.2499499321,0.211661294103,2.1013507843,0.843050003052
991,-3.06590008736,0.291200011969,0.000322267762385,-8.00166416168,0.0010000000475
6347,0.711399972439,-0.913299977779,-0.0254977084696,-0.58855509758,-1.04869997501
6714,-0.333999991417,-0.85689997673,-0.196542009711,0.834536671638,0.271149992943
652,0.236650019884,0.271399974823,-0.56299161911,-0.327168017626,-1.17680001259
4331,-0.228000000119,-0.420049965382,0.705946087837,0.0399932861328,0.151050016284
7099,0.00910000037402,-0.159450024366,5.70744466782,-1.45866632462,-0.161800011992
10320,-0.44984999299,0.719850003719,-0.744307398796,0.190173894167,-0.163300007582
2042,-0.358350008726,0.457549989223,0.692366302013,0.344307303429,-1.81704998016
843,0.304549992085,-0.455049991608,-0.895577907562,-0.659156918526,-1.55799996853
840,0.855099976063,-0.0240000039339,-0.0799550414085,0.780841350555,0.959399998188
7048,-0.430449992418,-0.802299976349,0.275508791208,-0.133101969957,0.329199999571
4851,-0.166099965572,-0.0663499981165,-1.25806760788,-1.2462413311,-0.192699998617
6464,2.99985003471,2.08605003357,1.67288517952,1.17081034184,1.0828499794
23410,-0.641350030899,-0.404100000858,-0.365836024284,-0.384645462036,0.663349986076
54205,-4.50575017929,0.545500040054,0.983781158924,0.583644628525,-1.07395005226
2770,0.157000005245,0.275050014257,-0.110844552517,-1.13843727112,1.3396499157
80204,-0.517750024796,-0.227350026369,-1.11251163483,-0.423639386892,-1.11035001278
4208,-0.814849972725,-0.350250005722,-1.16632807255,-0.555177748203,-1.00699996948
1845,1.38665008545,0.300650000572,0.335891097784,-0.0877646356821,0.705500006676
23368,0.0469500012696,1.52894997597,0.0884957313538,-0.602474033833,-0.541149973869
5583,0.306499987841,0.179600000381,-0.46104952693,-1.32581186295,0.126350000501
8900,0.289700001478,0.0235499888659,-0.706914663315,0.459668874741,-2.23710012436
581,-1.23199999332,0.683550000191,0.694455504417,-7.46991491318,-0.864300012589
6193,0.17919999361,0.53719997406,0.0294780321419,-0.0215147435665,-1.02785003185
6622,0.166649997234,-0.790699958801,-1.51271045208,-0.413239449263,-0.423750013113
11261,0.987499952316,0.620549976826,0.717721164227,0.0837718248367,-0.00050000846386
6696,0.347849994898,3.15979981422,-0.496625334024,-0.556573390961,-0.386299997568
8312,1.14064991474,0.930700004101,0.243707209826,2.26285600662,-0.300300002098
835,-0.259100019932,5.33724975586,0.164080440998,3.87559628487,-0.705749988556
8324,1.19900000095,4.12590026855,0.864476084709,0.532831907272,0.108300000429
1848,-0.833349943161,-0.347949981689,1.5424605608,-0.0867678523064,0.624249994755
154,3.41619992256,0.319649934769,-0.532617270947,-0.0935776531696,-0.5679500103
4312,0.244849994779,-0.5257999897,-0.633662164211,0.996878385544,0.0428500026464
994,-0.752650022507,0.648350000381,-0.00696193426847,0.513682603836,0.432599961758
2048,0.0115500092506,-0.470949977636,0.269524097443,-0.54424238205,-0.356249988079
1111,0.0647499859333,-0.935350000858,-0.338364452124,-0.459573566914,-1.24829995632
5154,-0.568949997425,-0.844200015068,0.780297100544,0.417429566383,-0.522099971771
2920,0.142849996686,-0.352599978447,-0.0454928874969,-0.557933211327,1.52425003052
3122,-0.797399997711,-0.111649990082,0.671576976776,1.84568476677,-0.851700007915
2769,-0.256099998951,-0.449150025845,0.302029430866,-0.401421695948,-0.736949980259
5900,-0.35790002346,1.77565002441,-0.183316290379,-0.108240917325,0.250099986792
6304,1.28720009327,0.523100018501,-0.329068422318,-0.722352147102,0.267500013113
5211,-0.304899990559,0.344299972057,0.346240460873,0.296796023846,0.89384996891
2886,0.592000007629,-0.228949993849,0.188105463982,-0.275654286146,-0.515200018883
9261,-0.375800013542,-0.501150012016,-0.902035117149,0.260635942221,-0.790499985218
8569,1.00059998035,0.938449978828,-0.360684514046,-0.781079471111,-0.104299992323
3303,-0.123750001192,-1.58695006371,1.5522352457,-0.175903737545,1.98210000992
5331,-0.0566000044346,4.52075004578,0.597985088825,0.366934090853,0.579899966717
5347,-2.179500103,-3.27519989014,0.513885080814,0.704124689102,0.669699966908
4638,-0.620299994946,1.59745001793,-0.661902189255,-0.346756219864,-0.0933499932289
2264,-1.6115000248,0.603949964046,-0.797838389874,1.03645896912,0.457400023937
1029,0.262950003147,0.145349994302,1.01233386993,-0.820061445236,0.376049995422
1027,-0.663350045681,-0.449349999428,-0.337641865015,-2.53304839134,1.81330001354
2597,0.0,0.000999999931082,0.000647073378786,-0.0710510760546,-0.00034999998752
55847,0.838400006294,-0.48480001092,-0.614060103893,-1.41747570038,0.294950008392
25803,0.312950015068,0.0790000036359,-5.1569275856,1.58088183403,0.56274998188
3480,-0.115549981594,-2.10134983063,0.687900602818,-0.0466965436935,-0.243100002408
2946,-1.78785002232,-0.35174998641,-1.49186682701,-1.03200078011,0.333499968052
9517,-1.02285003662,0.863950014114,0.425563097,0.531418144703,0.0208999961615
25987,-0.35949999094,0.00644999742508,-0.225859045982,0.350108802319,2.72090005875
23670,-0.505299985409,0.03900000453,0.873340010643,0.588904201984,0.969299972057
11182,1.10564994812,0.304000020027,-0.908986926079,-0.947274744511,-1.52679991722
2146,0.113100007176,-0.0341499745846,0.479696393013,-0.0170270800591,0.57104998827
3385,-0.447600007057,-1.04875004292,0.603690028191,2.57827329636,0.326550006866
5261,1.57694995403,1.29250001907,-0.0147949401289,-0.336772471666,-0.505850017071
10765,2.05849981308,-0.640450000763,-2.59404349327,0.676831543446,-0.623849987984
25839,-0.00894999504089,-0.0874000191689,0.285002857447,-0.361329674721,0.513150036335
4172,-0.443849980831,0.244000017643,-1.20238626003,0.0430009961128,-0.101400017738
23161,-0.16369998455,0.821699976921,-0.25352948904,-0.382420241833,-0.508499979973
10298,-0.386000007391,0.677850008011,0.208750396967,0.295879989862,-0.608999967575
1802,-0.115900039673,0.884000003338,0.22788991034,0.744785189629,0.120199978352
58533,0.715449988842,-0.14169998467,0.64761030674,1.70685696602,0.70870000124
147179,0.49564999342,0.669200003147,-0.83700710535,-0.320560753345,0.216199994087
29937,-0.576900005341,-0.972150027752,0.401843726635,0.0485502257943,0.462049990892
6184,0.0773499980569,0.276499986649,0.644125401974,0.63006746769,0.624050021172
9854,-0.26519998908,1.3369499445,0.332239061594,4.74401330948,-0.77840000391
2553,-1.0978499651,-0.669450044632,0.0377188026905,0.156365334988,-0.692550063133
5440,0.474649995565,-1.19515001774,0.491380423307,-0.442934423685,0.244150012732
54623,0.59810000658,0.454850018024,-1.40924799442,-1.16852152348,-0.514999985695
9533,0.84224998951,1.17299997807,-0.52202475071,0.464611709118,-0.139150008559
8607,2.75705003738,0.063000023365,0.299400687218,0.522419631481,1.00839996338
207,-0.966199994087,0.621199965477,-0.44009372592,0.675996422768,-0.61284995079
26054,0.926599979401,0.469950020313,-0.791950285435,0.962228000164,-0.022800013423
10682,-0.212300002575,-1.75174999237,0.394753158092,-0.0883747935295,0.575450003147
8573,-0.91914999485,0.772899985313,-0.0661679431796,1.00214099884,0.0904500037432
23378,0.0907000005245,-1.32474994659,0.811045408249,-0.861597836018,-0.702749967575
8553,0.674550056458,-1.48430001736,-1.05439400673,-0.638903617859,1.85370004177
622,0.29644998908,0.419200003147,1.24247312546,0.570011734962,-0.50569999218
9467,0.322249978781,0.677850008011,-0.731151819229,0.421636044979,-1.27379989624
5525,0.667050004005,0.340800017118,0.142607495189,-1.66644001007,0.979200005531
256364,-0.487500011921,0.315299987793,-1.03766393661,0.436364114285,-0.345750004053
332,-0.310899972916,-1.32840001583,0.762344241142,0.631599545479,0.452350020409
2058,-0.64770001173,-0.0329499989748,-0.252632260323,1.6026943922,-0.416249990463
7849,-0.251249998808,-0.00180000066757,-0.00686524994671,-0.405453085899,-1.12529993057
23244,1.04194998741,-0.409600019455,-1.09553420544,0.342553198338,0.398799985647
7494,0.108899995685,-0.733000040054,1.28303098679,1.63266372681,0.00584999844432
4836,-0.533050000668,0.900449991226,-0.366702646017,-0.264890700579,1.40299999714
23647,0.377200007439,0.622200012207,0.496959596872,0.83115696907,0.193599998951
10617,0.621550023556,-0.29834997654,1.42567396164,0.424697399139,-0.0163000002503
2184,-0.425749987364,-1.62514996529,0.200886055827,0.0339441597462,1.69470000267
5355,1.04929995537,0.285450011492,-1.03059065342,-1.50025498867,-0.0832999944687
6659,0.487150013447,-0.318000018597,-2.82247281075,0.305013418198,0.583999991417
7016,1.24094998837,1.07964992523,-1.09922468662,-1.06498503685,-1.18040001392
90861,-0.0283000022173,-0.00829999893904,0.536075770855,0.783633470535,0.247350037098
10670,-1.54799997807,-0.448149979115,0.84580218792,0.618679881096,0.87549996376
79071,0.5666000247,-0.357150018215,0.525658011436,-0.520748972893,-4.79800033569
64746,-0.698400020599,-0.0410999655724,1.31529593468,0.238389208913,0.267250001431
5366,0.800000011921,-0.0689499974251,-1.66301441193,-0.698599398136,-2.19409990311
11344,-0.161199986935,0.75569999218,0.651710450649,-1.72216105461,-0.485900014639
10013,0.0780999958515,-0.616149961948,0.559918999672,-0.154493659735,1.32949995995
5829,-0.585150003433,0.447700023651,-0.0299495905638,-0.260424554348,0.402000010014
5257,0.0363500006497,0.922500014305,-0.22971239686,0.396598160267,-0.580699980259
22794,-0.257300019264,1.35255002975,0.18920956552,0.151030406356,0.472099989653
9761,-5.10354995728,0.077699996531,0.31052801013,0.397178351879,0.087249994278
23326,0.680450022221,-0.559450030327,0.842252075672,0.50457572937,0.471899986267
10972,0.0687500089407,-0.588949978352,-0.120544925332,-1.26257228851,-1.08504998684
10523,-1.34630000591,-0.718550026417,0.263235569,0.909965217113,1.12265002728
79090,0.184999987483,1.7267999649,-0.189734786749,-0.296349853277,-0.763800024986
27032,0.61779999733,0.29984998703,-0.610020935535,-1.11598563194,-1.35310006142
9097,0.500849962234,0.702449977398,0.638812541962,-0.937935233116,-1.52799999714
10513,0.433200031519,-0.197750002146,-1.69198107719,0.526896893978,-0.189750000834
1891,-0.620749950409,-0.285899996758,0.248906642199,0.118759498,-0.408699989319
3066,0.0507499985397,0.263799995184,1.29689085484,0.617023050785,0.297599971294
9801,0.162300005555,-1.78450000286,0.325834751129,0.130166083574,0.681450009346
1459,0.491549998522,0.725899994373,-0.999816775322,-1.39914822578,-2.05749988556
9703,-0.125050008297,1.08800005913,0.447242081165,0.890893101692,0.881299972534
10606,-0.282799988985,-0.0539000034332,0.424589723349,-0.765207707882,0.264449983835
1017,0.792100012302,0.373800009489,0.634242296219,-0.930291414261,-0.843699991703
9813,0.447650015354,1.31834995747,-1.05631613731,-0.986161112785,-0.036299996078
7485,-0.216750010848,0.338599979877,0.0739993825555,-0.089833445847,0.144300013781
2109,-1.80204999447,-0.147550016642,0.617404401302,1.24380636215,0.839650034904
23271,0.221949979663,-0.438400000334,-0.673164308071,-0.073324225843,0.398450016975
9915,0.203099995852,0.209450006485,-0.0354668647051,0.0990617573261,-0.0350999832153
9552,-1.22205007076,0.635200023651,-0.973333895206,0.0744299665093,-0.781050026417
93487,1.01574993134,-0.69779998064,1.01902747154,0.507148623466,0.476399987936
2956,-1.72895002365,-1.1915500164,0.0523972883821,0.682709634304,0.774150013924
11065,0.282150000334,0.0969500094652,0.810964524746,0.196430444717,0.539200007915
9653,0.527500033379,-0.00554996728897,-0.716990172863,-0.614152669907,-0.819950044155
200081,-0.30814999342,-0.0558499991894,1.05996131897,-0.148047327995,1.37444996834
3337,-2.27824997902,-0.895350039005,0.915562152863,-0.415890276432,0.727150022984
11073,-0.0752499997616,0.626900017262,-0.173180699348,-0.0292083974928,-1.25464999676
23,0.028850004077,0.623549997807,-3.26133036613,-0.371551454067,-1.38674998283
5641,1.26920008659,-0.512249946594,1.33145654202,-0.00265420600772,0.291249990463
8720,-0.332749992609,0.271349966526,-0.335772365332,-0.845433592796,-0.581050038338
10782,-0.63915002346,0.353300005198,-0.45127299428,-0.5828332901,-0.41654998064
25932,1.03269994259,0.31510001421,0.182044625282,-0.94716989994,0.564399957657
3028,0.19914996624,0.411249995232,1.45739257336,1.27604532242,0.450749993324
6804,1.04764997959,0.263249993324,0.124315261841,1.42257499695,-0.249650001526
890,-0.699800014496,0.956150054932,-0.263463109732,-0.858240664005,-0.0889000296593
6390,-0.397399961948,-0.760550022125,0.933389484882,0.831990718842,0.171749994159
4303,0.44185000658,0.48290002346,0.654156386852,1.27794706821,1.69484996796
10953,-0.119400024414,-0.0997500121593,-0.0504734441638,0.76598662138,1.30904996395
22889,0.389949977398,-0.8111500144,0.0975268036127,-0.940733790398,-0.200049996376
3098,-0.83109998703,-0.264650017023,0.690159738064,0.586429834366,0.277999997139
11044,0.495750010014,-0.609600007534,0.275698423386,-0.720085859299,-0.452700018883
8985,-1.25094997883,-0.45870000124,-0.164461582899,-0.244699835777,0.0710499882698
66008,-0.177049994469,-0.388100028038,-0.681676387787,0.670035719872,0.657400012016
9217,0.938350021839,0.125349998474,0.121355690062,0.900636196136,0.408999979496
701,0.205949991941,-0.326449990273,-1.39932835102,-1.21079659462,-1.5271500349
6182,-3.6968998909,0.0,-0.186584159732,0.526455044746,0.0010000000475
4860,-0.915499985218,-0.841450035572,-1.22861337662,-0.749144673347,-1.21360003948
7398,0.598900020123,-1.83169996738,3.78175640106,0.800454497337,0.775150001049
6117,0.212549999356,-1.20985007286,0.271536231041,0.332435309887,1.05320000648
23588,2.45880007744,-1.40689992905,-0.144291698933,0.171045616269,0.182000041008
949,-0.44374999404,0.928650021553,-0.643730342388,0.108958631754,0.777999997139
7168,0.0630000010133,-2.51279997826,0.681348323822,0.880120038986,-0.21694996953
9375,0.114499986172,0.371899992228,0.44403642416,0.887737393379,0.306299984455
4927,-0.383350014687,0.000349998474121,-0.348620533943,0.0344918891788,0.824899971485
2523,0.674999952316,0.40474998951,-2.14339017868,-0.382350564003,-0.425300002098
58497,-0.401449978352,-1.13209998608,-0.601579070091,0.725493788719,-1.11930000782
6856,0.160099998116,0.629899978638,0.922003984451,0.328590959311,0.404100000858
26036,-0.130849987268,0.25,0.66687977314,-0.580523014069,-1.04774999619
10206,0.742499947548,0.912349998951,-0.300166457891,-0.540677666664,-1.21504998207
25793,-0.174549996853,-0.0478500127792,0.840386211872,-0.127360552549,1.78184998035
55556,0.0395500063896,0.0711999982595,0.818838894367,1.05205643177,0.573099970818
3978,-0.640850007534,0.135250002146,0.043208733201,0.0164076760411,0.784600019455
10681,1.44709992409,-0.874250054359,-0.69681251049,0.618613123894,0.22135001421
3638,0.438749969006,0.41060000658,-0.220963731408,-0.579626083374,-0.497050017118
8349,-0.00340002775192,0.671649992466,-0.492099583149,-0.482907176018,-1.06064999104
6275,-1.07089996338,-0.86360001564,0.758156597614,0.0303311944008,0.8980499506
3895,0.663299918175,-0.966049969196,-0.689004480839,0.263883858919,0.520599961281
392,-0.424700081348,0.162450015545,-0.916110634804,0.0194388478994,0.0888999998569
9170,0.306400001049,-0.847000002861,-1.1105452776,0.309028059244,-0.958200037479
80347,-0.840200066566,-0.543099999428,-1.28698945045,-0.258114218712,0.92334997654
23300,-0.163800001144,-0.800599992275,0.452802717686,0.107002295554,0.397599995136
836,-0.0271500051022,0.624000012875,-0.84743309021,1.43106710911,-0.611449956894
11188,0.114100009203,-0.998149991035,0.0159767735749,0.332144230604,0.813600003719
10898,0.568750023842,1.83885002136,-0.408279955387,0.701839387417,-0.36179998517
9276,0.380850017071,-0.787050008774,-0.948279440403,1.21705043316,-0.00390000641346
1647,-0.0816000103951,0.667800009251,-0.134281232953,-1.62843775749,-0.691349983215
10285,0.812399983406,0.126200020313,-1.42890822887,0.076420634985,-0.975650012493
23386,0.182699978352,0.170399993658,-0.605709195137,0.107056170702,0.451899975538
3156,0.0352500081062,0.561399996281,-0.398437649012,-0.744467973709,-0.509699940681
10237,-0.639999985695,0.0446499958634,0.405893296003,0.932688713074,0.0117499828339
7077,1.00075006485,0.504850029945,-0.40892457962,-0.842993617058,-0.183299988508
11157,-0.753949999809,-1.29165005684,0.996489703655,0.507583916187,0.898100018501
22908,0.450549989939,-0.389450013638,0.489098191261,-0.043495580554,0.368349999189
10915,-1.30630004406,0.145049989223,0.210308641195,0.0402849838138,-0.886550009251
9897,0.231150001287,-0.483650028706,-0.718277394772,-0.628012120724,-0.0275500118732
1759,-0.414199978113,0.35379999876,0.207205116749,-0.0263705402613,-0.0660499930382
54541,0.0276000052691,0.797950029373,0.503627181053,0.741437256336,-0.219600006938
211,-0.132449999452,-0.477650016546,-0.467052519321,-0.334812015295,0.979750037193
5048,0.0488999783993,-0.413899987936,-0.732396245003,-0.414604187012,0.10980001092
84722,0.331499993801,-0.308349967003,-0.039060100913,-1.25010788441,-1.62660002708
29890,-0.795249998569,-0.00780001282692,0.24208496511,-0.173435375094,-0.278200000525
9868,-0.0361000001431,0.680849969387,0.549937129021,-1.36294031143,0.256900012493
873,0.0227499902248,0.42435002327,-0.211704626679,-1.84460389614,1.05809998512
5580,-0.441199988127,-0.316949993372,-0.0263988170773,-0.767547369003,0.754949986935
3725,0.623549997807,1.13820004463,-0.566360592842,-1.38074445724,-2.00260019302
23585,-0.144400015473,0.198250025511,1.20875537395,-0.0278697200119,0.349199980497
51097,-1.0639500618,-1.04095005989,-0.0186333283782,0.899838089943,1.05505001545
1831,1.02575004101,0.384400010109,-0.440502166748,0.725296199322,-0.172849982977
7020,0.464450031519,-0.21289999783,-0.743385076523,-0.555021047592,-0.111499994993
55893,0.379500001669,0.729099988937,-1.1237667799,-1.73409259319,-1.28380000591
6944,0.404300004244,-0.289149999619,-0.441939532757,-0.630782961845,-0.302999973297
22883,-0.962449967861,1.13839995861,-2.9395275116,0.247624844313,-0.658450007439
5601,0.841800034046,0.470399975777,-0.476749718189,-0.446045458317,-1.41794991493
10775,0.774200022221,0.137400016189,0.984397828579,0.322346955538,0.198449999094
4780,0.541849970818,-0.410400003195,-0.573930382729,0.224482908845,-0.631000041962
10904,0.329400002956,-0.511000037193,0.949178576469,3.60528850555,-0.788299977779
9917,0.123199999332,0.862449944019,-0.906606197357,-0.135251700878,-0.883700013161
1399,0.351550042629,-0.123549997807,0.398432046175,0.0934197083116,0.267549991608
24149,1.13544988632,-0.360000014305,-0.00715689267963,-0.0559614300728,0.0330500006676
2222,0.264050006866,-0.736399948597,0.673768758774,0.749064087868,0.501249969006
10131,-1.03779995441,0.0902999937534,0.420439094305,0.319864273071,0.97595000267
2958,-0.0595999956131,0.0746999979019,-0.490070790052,0.232154846191,0.332050025463
9650,0.928049981594,-0.90625,-0.091899625957,-0.5880433321,-5.50554990768
7319,0.134399995208,0.423550009727,1.13786637783,-0.613779604435,-0.152700006962
4817,0.823549985886,0.209049999714,-0.821604967117,-1.08157396317,-0.781599998474
9143,0.103300005198,0.637549996376,0.390387713909,1.01479172707,0.0949499905109
10494,0.47214999795,0.827899992466,0.523364782333,0.894709706306,0.806200027466
55324,-0.25854998827,-0.0384999811649,-0.636171460152,-1.32350635529,0.849249958992
23149,1.21125006676,-0.627699971199,-0.721977770329,2.5550494194,0.151800006628
9943,0.136600002646,0.675800025463,0.243348091841,-0.622952342033,-1.04400002956
6599,0.389349997044,0.209249988198,0.0370977334678,0.372173398733,0.785849988461
51031,-0.0201500058174,1.42350006104,0.878301739693,0.0510660409927,-0.369100004435
3566,0.250250011683,0.133000001311,-0.229561761022,-1.74302601814,0.255950003862
3815,-0.32515001297,0.559399962425,-0.839886903763,-1.08009397984,-0.82230001688
8624,0.0106499940157,-1.96815001965,0.795840024948,0.12034650147,-2.61100006104
27346,-0.261249989271,0.767199993134,-0.504077136517,-1.24385881424,-0.841649949551
10489,0.845050036907,-1.08039999008,-0.437332451344,0.0703300088644,2.72215008736
26128,0.0134499967098,0.0181999951601,0.353920668364,0.338266551495,-1.42685008049
79921,1.31494998932,-1.19875001907,-0.940447807312,-0.357141852379,0.791800022125
55746,1.03880000114,-0.142499983311,-1.43993699551,-0.177392929792,0.0242500007153
23636,-2.53234982491,0.581399917603,-0.974398612976,0.629445791245,0.725149989128
10892,-0.543200016022,0.09375,-0.425022512674,0.59600764513,0.379450023174
10652,-0.0808999985456,-1.91739988327,1.04075276852,0.293074578047,0.78250002861
11004,0.30600002408,-1.48955011368,0.613180756569,0.36823785305,1.25714993477
23530,0.132449999452,-0.082000002265,1.13039362431,0.170444488525,0.230550020933
8826,2.5868499279,0.283749997616,-1.9825373888,0.26820743084,0.220649987459
3308,0.458099991083,0.466949999332,-0.424719840288,-0.414978176355,-1.19949996471
7153,-0.611149966717,-1.87679994106,0.630200624466,-0.591441869736,0.462850004435
11041,-0.356150001287,0.0697500109673,0.138336643577,0.960798740387,1.1751999855
6342,-0.457450002432,0.208299994469,1.20292007923,0.619252622128,0.353300005198
5883,0.509100019932,0.843299984932,1.04057967663,0.247642025352,1.98530006409
10589,-1.32424998283,-3.71849989891,0.511867880821,0.662823438644,-0.769100010395
5110,0.396349996328,-0.43700003624,1.50795459747,0.956282436848,0.509249985218
4609,-1.00259995461,-0.690550029278,0.247830033302,0.438968062401,0.424150019884
5423,-0.580049991608,-0.420599997044,0.347816050053,-1.56978845596,-0.466999977827
1070,0.257550001144,-0.290399998426,0.0760500207543,-0.318162858486,0.901849985123
10051,-0.654549956322,-0.865949988365,0.175884917378,-0.981589138508,0.746050000191
6603,-0.23685002327,-0.360700011253,0.133716970682,0.54104501009,0.932150006294
9019,1.07155001163,-0.662349998951,0.578830718994,-0.404234021902,1.13884997368
10969,-0.463649988174,-0.750300049782,0.314619868994,0.508144438267,1.12524998188
9797,-0.927450060844,-1.83039999008,0.455486625433,0.948086261749,1.48849999905
4043,-0.938549995422,0.483200013638,-0.329814374447,-0.211095169187,0.452100008726
9519,-0.631099998951,-0.537299990654,1.00720059872,0.521310091019,0.0366500020027
8480,-1.19989991188,0.712650001049,0.935399115086,0.488636672497,0.854450047016
983,0.248249977827,-0.291249990463,0.997867524624,0.72767996788,-0.392899960279
10559,-0.853199958801,1.7200499773,0.313764542341,-0.114228546619,-0.331599980593
8508,-0.211750000715,-0.0728999972343,1.33122098446,0.934679985046,0.347599983215
9275,-0.0774499997497,-0.0702000036836,1.06307435036,1.3598395586,1.058349967
8914,0.545949995518,-3.80634999275,-1.40337705612,-0.711804449558,-0.100850000978
54505,0.810450017452,1.54200005531,-0.272161662579,-1.04946446419,-0.702499985695
6919,-0.568899989128,-0.224900007248,-1.35853588581,-0.596321046352,-1.60549998283
2274,-0.184699982405,-0.952600002289,0.583097994328,-0.355174124241,0.0323500037193
2288,-0.702650010586,-0.00065000000177,-0.631463050842,0.00277056265622,-0.00135000003502
7994,-0.956449985504,0.477100014687,-0.442826479673,-0.11234574765,-0.330599993467
4216,-0.227099984884,0.0735500454903,0.460471093655,0.925916314125,0.655900001526
7538,0.337099969387,0.288349986076,-0.456927925348,-1.19401812553,-1.29180002213
3628,-0.12809997797,-2.00505018234,0.802985608578,-0.106498718262,-0.378300011158
2037,0.544200003147,-0.642250001431,0.117852628231,0.0215777158737,0.232250005007
2771,-0.458250015974,0.00370000302792,-0.0162692070007,1.46966731548,0.532400012016
7264,-0.494099974632,0.981499969959,0.800524711609,1.36310553551,0.123350001872
1786,-0.239800006151,0.59350001812,-1.01033937931,-0.301277250051,-1.90265011787
5873,0.0125000178814,0.430849999189,-0.655915081501,-1.10237145424,-1.21580004692
780,0.61084997654,0.0390999987721,-0.603811144829,0.594608008862,-0.163949996233
9926,-1.59885001183,0.558699965477,0.26045447588,0.900875389576,0.366649985313
8446,0.798099994659,-0.252349972725,-0.840045511723,-1.01249992847,-0.776700019836
7159,0.281100004911,-0.149749994278,-0.603158593178,-2.25968790054,0.557999968529
1026,0.320150017738,0.325849980116,0.217927277088,0.658419907093,-1.18560004234
7082,0.295899987221,0.702650010586,-1.4625467062,-0.761265456676,-0.285399973392
10058,-0.093249976635,-0.676699995995,0.876517653465,1.05534553528,0.455199986696
10797,0.663950026035,-2.19074988365,0.673233091831,0.901784300804,1.31550002098
11230,-0.222200006247,0.316649973392,0.52984380722,0.899746775627,0.439499974251
30836,-0.391999989748,-0.242400050163,-0.288133472204,1.82716178894,-0.0600000023842
27336,0.960350036621,-0.0638500154018,-1.0680911541,-0.581655025482,-2.87720012665
9918,0.35490000248,0.44549998641,-0.376172542572,-0.23495824635,-1.14880001545
79073,-0.674650013447,1.67439997196,0.36540812254,0.639433562756,0.734149992466
9688,-0.218649998307,-1.85660004616,0.0118256658316,0.283580064774,0.677900016308
23659,-1.27854990959,0.756250023842,0.897855460644,-0.443395614624,0.0160999968648
8396,-0.33054998517,-0.266200006008,0.620189368725,0.66969704628,1.06235003471
23077,1.02314996719,0.174300000072,-1.26645004749,-0.850683927536,-1.14584994316
10857,-0.232050001621,-0.477500021458,0.473384857178,1.59473192692,0.403699994087
16,-0.168549999595,-0.499150037766,-0.706053495407,0.405858695507,0.26550000906
2817,1.03610002995,-0.761700034142,-0.54007178545,0.139210015535,-1.62415003777
60528,0.0,-0.983799993992,-0.868190705776,0.586864709854,-0.0566000044346
5359,1.46895003319,0.365649998188,0.354926943779,-0.696830630302,-0.379850000143
1514,-0.407449990511,-1.37530004978,0.493569731712,1.17770671844,1.12170004845
1509,0.177100002766,-0.83939999342,-0.180754691362,0.75203114748,0.253899991512
9181,0.376899987459,-0.404599994421,0.118004694581,-0.742100596428,0.839299976826
3611,-0.864849984646,-0.914049983025,0.128908216953,-0.307350963354,0.60640001297
4783,0.800300002098,-0.114200010896,0.842640161514,-0.62640273571,0.697899997234
10123,0.251350015402,-0.0264499932528,-0.9738894701,-1.35617685318,-1.0379999876
8895,-0.453099995852,-0.59215003252,0.272185474634,0.0599189326167,0.222599983215
9805,-0.874699950218,-0.23609995842,-1.19345915318,-0.176987186074,0.48860001564
4125,-0.420900017023,0.0570499897003,0.128915265203,1.00061571598,0.120250016451
1635,-0.795199990273,0.991649985313,0.421016097069,0.144342690706,-0.049200002104
4154,-1.10074996948,0.401849985123,-0.277044385672,0.92477697134,0.358199983835
26292,-0.430100023746,-1.21319997311,0.290788531303,0.970547556877,1.16785001755
5770,0.36985000968,-0.216250002384,-0.588326931,-0.392963707447,-0.870949983597
25874,-1.82124996185,-0.449699997902,1.05377078056,0.356109619141,0.609200000763
11319,-0.0691500008106,0.313800007105,0.026491060853,0.936905860901,-0.180750012398
1153,1.0353500843,-0.528850018978,0.638263046741,0.782184958458,0.666449964046
11098,-1.02514994144,-0.905900001526,0.758887648582,1.12320113182,-0.0104499906301
8974,0.0527999997139,-0.277300000191,0.274154514074,0.115593768656,0.406450003386
533,0.245249986649,-1.40849995613,0.982235848904,0.749711692333,0.7825999856
823,0.322649985552,-0.469350010157,0.234205812216,0.110655896366,0.395500004292
6812,-0.406800031662,0.0772499442101,0.981303691864,1.40181899071,1.507999897
3693,0.480450004339,-1.34185004234,0.280623167753,0.705473661423,0.322999984026
4891,0.341049969196,0.202950000763,-0.952935159206,-2.66980075836,-0.482599973679
10954,0.782400012016,0.207099989057,0.850362837315,1.44688642025,1.02104997635
5909,0.340949982405,0.424899995327,0.0689624175429,0.37615069747,1.11995005608
9221,-0.631999969482,0.641649961472,-0.404309153557,1.37169373035,0.0338000021875
847,-1.52754998207,0.00964999198914,-0.89950466156,-1.47794532776,-0.216800004244
11072,-0.00950000435114,-0.13734999299,0.299088299274,0.00437760353088,-0.642500042915
10221,-0.133700013161,-0.214850008488,-1.18065464497,-1.07885253429,0.922950029373
7158,1.24595010281,0.295049995184,-2.60307717323,-0.537398099899,-0.000400006771088
8678,0.139650002122,-0.706449985504,0.990337371826,0.204219803214,0.0701500028372
11014,0.3424000144,-2.53334999084,0.220233336091,0.128574058414,1.01555001736
1994,-0.876049935818,-0.423650026321,-0.446660101414,0.269240826368,0.956750035286
3482,0.0524500012398,-1.28100001812,-1.86171317101,-0.977430701256,-1.23500001431
25976,0.41060000658,-0.145249992609,0.50834518671,-0.327366620302,0.703799962997
10491,0.661350011826,-0.113200001419,0.0725821778178,0.136878669262,0.92049998045
51053,0.287599980831,0.0924000144005,0.220412418246,-0.901694715023,-0.0166999995708
9267,-0.364300012589,-0.242200016975,1.66731524467,-0.463576853275,2.01614999771
5547,-1.83165001869,0.735149979591,-0.604804217815,-0.257304012775,0.437800019979
6597,-0.294849991798,-0.201500013471,0.383709400892,0.589494884014,0.538150012493
5836,0.374949991703,0.769899964333,-1.26590538025,0.878675580025,0.319000005722
6118,-0.469449996948,0.628799974918,-0.0835030600429,-0.426069974899,0.320450007915
2961,0.575749993324,-0.162049993873,-0.393407285213,-0.192498758435,1.63580000401
310,-0.725250005722,-0.0280500017107,1.09498846531,0.752847254276,1.04170000553
7296,0.210250020027,-0.945299983025,0.255179107189,0.848860263824,0.104950010777
1429,0.117200016975,-4.72429990768,1.62147641182,-0.316344082355,0.187449991703
2548,-0.405849993229,-0.0611999928951,1.05176925659,0.128676041961,1.54114997387
6499,-1.2486499548,0.986300051212,0.114550516009,0.823801755905,-0.00960001349449
642,0.350899994373,-1.05494999886,-0.218816787004,3.65987873077,0.281449973583
23076,0.159149989486,-0.212300002575,0.449279546738,-0.00509223341942,0.675899982452
10099,-0.91320002079,-1.53135001659,0.599095821381,0.945599198341,1.3205499649
9817,-0.714850008488,-0.40625,0.488509654999,1.54145812988,1.28049993515
9126,0.409950017929,0.527599990368,-0.731607079506,-0.639175772667,-5.48124980927
3930,-1.08480000496,-0.122350007296,0.352163881063,0.808526396751,0.0313500165939
10450,-1.51329994202,-0.196599990129,0.670171976089,0.0585966035724,-0.364550024271
54386,-0.356799989939,-0.849099993706,0.07789324224,0.227238148451,1.0802500248
664,-0.373100012541,-0.863550007343,-0.922181069851,0.22284527123,0.932150006294
596,-1.28849995136,-0.227450013161,-0.656563282013,-1.06433618069,-0.445850014687
10180,0.590250015259,0.422600030899,-0.817575335503,0.416409611702,-0.0892499983311
1445,0.187299996614,-0.296250015497,0.232984617352,0.332522213459,0.652000010014
230,-0.984399974346,0.768500030041,-0.238042503595,1.14717662334,0.182800009847
9246,0.413599997759,1.03165006638,-0.299288570881,-0.239144638181,-0.425000011921
5092,-0.451649993658,-0.337599992752,0.0550215691328,0.199473023415,-1.06050002575
23463,-0.512300014496,1.17525005341,0.445980340242,0.178211450577,1.07605004311
10007,-0.614849984646,0.0621500015259,-0.0946801304817,0.175623595715,0.600649952888
4925,0.219999998808,0.430500000715,-1.68490493298,-1.0431189537,-0.789950013161
6251,0.154100030661,0.00619998574257,-1.32254469395,-0.635421156883,-0.950099945068
5782,0.180700004101,0.0290500074625,1.25786828995,1.02392697334,0.473900020123
5106,0.0277999937534,-0.871550023556,-2.59126377106,0.921568930149,-2.56155014038
2673,-0.345849990845,-1.11315000057,0.95007610321,0.841965913773,-0.0401000082493
644,0.0229499936104,0.456750005484,0.0756331682205,0.470757395029,0.243500009179
6284,0.834850013256,-0.431500017643,0.971673548222,-0.801113069057,-0.084450006485
4605,0.707150042057,0.476000010967,0.0620719790459,0.84633988142,-0.943749964237
6810,0.753649950027,-0.187000006437,-0.43655949831,-0.515344440937,-0.351350009441
54499,-4.60130023956,0.836199998856,1.28554928303,0.947506904602,-0.295949995518
11007,-0.404500007629,0.214350000024,-0.0611608326435,0.219210848212,1.45604991913
1643,0.62625002861,-0.944850027561,1.0868884325,0.918029487133,0.729249954224
25805,-0.114999994636,-1.55069994926,1.48626303673,0.538953185081,0.669200003147
3033,1.03454995155,-0.359950006008,-0.512508332729,0.910335361958,0.695950031281
2745,-2.84429979324,0.0119999945164,1.39717185497,0.0765970647335,0.728299975395
9961,-2.0828499794,0.0731000006199,-0.433332443237,-0.79220199585,-0.0692500025034
3925,0.0988000035286,0.627000033855,1.08059799671,0.838920891285,0.899649977684
2582,-0.0415500104427,-1.85140001774,0.105613872409,0.499721378088,0.654850006104
5792,0.577600002289,-0.386250019073,-1.01517856121,-0.951578497887,-0.341949999332
5236,-0.415999978781,0.851649999619,0.318204581738,-0.45365613699,0.909700036049
4016,2.74869990349,1.05025005341,-0.0686414688826,-0.218290790915,0.152449980378
4651,0.608099997044,1.14829993248,-1.05718052387,-0.58694922924,0.388700008392
3988,0.573949992657,-0.461749970913,-0.974988877773,-0.13495503366,-0.492200016975
26227,-1.08599996567,-0.347400009632,0.791168808937,0.803742170334,0.826399981976
7982,0.11724999547,-0.282150030136,1.00154578686,0.711921870708,-0.674450039864
3551,1.39629995823,-0.577899992466,-0.215199768543,-0.477795302868,-0.752900004387
5108,0.0331999957561,-0.524500012398,0.870665371418,1.05146098137,2.52064990997
8870,-0.797450006008,0.254449993372,0.726168215275,1.43065714836,1.56305003166
2195,1.39409995079,0.237250030041,0.0408953279257,-0.68147456646,-0.381949990988
8731,-0.34604999423,-0.317349970341,1.01511240005,0.468744635582,1.03434991837
1956,-0.0333500057459,-0.251499980688,-0.481025695801,-0.507784962654,0.791599988937
10276,0.56945002079,-1.24924993515,0.901089608669,0.590498924255,0.092099994421
1666,1.23009991646,0.371150016785,-0.143662035465,0.0531231462955,0.0425000190735
4864,-0.162750020623,0.160500019789,-0.330122411251,-0.67710340023,1.74235010147
4232,-0.731450021267,0.088049992919,-0.565657317638,-0.885303139687,-0.924399971962
5050,-2.11365008354,0.680100023746,0.785149633884,1.27065885067,0.141000002623
813,-0.340749979019,1.7309499979,0.433929592371,0.903398871422,0.606050014496
3964,-0.0120499879122,0.367650002241,-1.03463816643,-1.28867053986,0.301200002432
26020,-0.406899988651,0.564549982548,0.172207027674,0.407377362251,0.583549976349
481,-2.61614990234,-0.647849977016,0.586770653725,0.767292559147,0.736200034618
5019,0.37064999342,0.314800024033,-0.316049337387,-0.46253824234,0.286750018597
291,-0.402049958706,-0.316849976778,-0.491377264261,-1.54424238205,-1.01664996147
10973,0.923900008202,-0.712149977684,0.939921021461,-0.394875407219,0.81099998951
9697,0.747300028801,0.0242500007153,-0.724160552025,-0.0690470784903,-0.444649994373
5831,-1.98589992523,0.24564999342,0.734296679497,0.395266115665,0.401499986649
8202,-0.599399983883,-0.365150004625,-0.166372895241,1.02863419056,-0.844299972057
57804,0.930500030518,0.664950013161,1.02736759186,0.89381146431,-0.302850008011
5566,0.241549998522,0.619150042534,-1.75911831856,-1.78752362728,-2.27199983597
57149,0.944350004196,-1.07174992561,-0.668774247169,-0.0642976909876,1.98119997978
7416,-1.42180001736,-0.634549975395,-0.0360599011183,1.73973274231,-0.19509999454
10174,0.149850010872,-0.404250025749,4.64102745056,0.519602656364,1.09555006027
6676,1.09909999371,2.09404993057,1.53916358948,-0.24818213284,0.803800046444
8884,-0.189600005746,3.99769973755,-0.54582208395,2.42841267586,0.348300009966
5997,-1.77649998665,-1.3342000246,1.69836521149,-0.739135146141,1.11389994621
57147,2.89190006256,0.48884999752,2.57755684853,2.38027095795,-1.59554994106
6909,-0.681249976158,0.953899979591,-0.702199041843,0.718296051025,-0.491050004959
9093,-0.179649993777,0.00135000003502,-0.0866980329156,-0.722602784634,-0.995050013065
23142,0.801400005817,0.328400015831,0.762797474861,0.646602630615,-0.229699999094
8444,-0.393649995327,2.02294993401,-1.02460706234,-1.28000724316,-0.672800004482
11232,0.198949992657,-0.46439999342,-0.351235687733,-1.07213485241,-0.355199992657
27095,-0.7486500144,-0.479449987411,0.14314968884,0.642175376415,0.498849987984
10732,0.608349978924,-1.47504997253,1.00869989395,-1.15181529522,0.234100013971
23029,0.0737500041723,-0.296499997377,0.239070281386,-0.0167338401079,0.471799999475
9270,-0.615249991417,-0.210950002074,0.515644073486,-0.438900887966,-2.07359981537
47,-1.00454998016,0.462899982929,0.109492920339,0.792511999607,0.123250007629
5889,-0.0168000012636,-0.477250009775,1.91175270081,0.469228237867,-3.64449977875
8243,0.972149968147,0.398449987173,-1.61615288258,-2.96155881882,-3.73600006104
10730,0.60095000267,-0.0786000490189,0.331880360842,0.254649698734,0.721300005913
30,0.531100034714,-0.0556500256062,-0.549418330193,-0.0626488626003,0.893499970436
7466,-0.548099994659,-0.071749985218,-1.20767199993,-0.712718963623,-1.35119998455
89910,-0.177799999714,1.14055001736,-0.710540950298,1.10452246666,-0.346050024033
56654,-0.637100040913,-0.740649998188,0.522702336311,-1.58553028107,0.296299993992
501,0.562650024891,-1.05174994469,-1.29831814766,-0.553656220436,1.3164498806
5438,-1.50270009041,-0.145549982786,0.649937987328,0.458336472511,-3.66544985771
26993,-0.1712000072,-0.435849994421,0.708502531052,-0.767135381699,0.00830000638962
55111,1.32184994221,1.17039990425,-1.02375805378,0.0278737843037,-0.98685002327
8520,0.479250013828,-0.657799959183,0.837850034237,-0.83008235693,0.464349985123
10146,0.389800012112,-0.545500040054,-0.0261443033814,0.2120154351,-0.5013499856
7165,0.075900003314,-0.0445500016212,-0.023710090667,-0.482995390892,-0.483799993992
55011,0.393800020218,-0.98575001955,0.0971915125847,0.297919154167,0.260650008917
6461,0.135399997234,1.08239996433,-1.06819915771,-1.51711523533,-1.24230003357
10813,-0.067600004375,-0.19865000248,1.49588513374,0.109647959471,-0.174950003624
80746,1.09424996376,1.30169999599,-0.018004393205,-0.0472588539124,0.142599999905
10434,-0.1725499928,-0.126199990511,0.0812597125769,-2.85222101212,1.38950002193
5607,-0.619250059128,1.63094997406,-0.393578469753,-0.487083852291,-0.357450008392
22827,-3.66244983673,0.417800009251,0.0894592180848,-0.211506992579,0.621450006962
51635,2.43389987946,-0.610049962997,1.04151010513,1.30611741543,-0.251249998808
84159,0.628949999809,-0.879450023174,0.672638595104,-0.193004697561,0.609899997711
3508,-1.16060006618,-1.16649997234,0.165214106441,-0.447483360767,-0.0490499995649
84890,0.549499988556,0.628549993038,-0.474350333214,0.348469853401,0.742949962616
79600,0.040600001812,-1.11460006237,-0.591085314751,1.25062835217,0.137700006366
8574,-0.593700051308,0.237249985337,0.162544667721,0.488081127405,0.480550020933
5529,0.357100009918,0.610249996185,-0.890072822571,-0.0760752260685,-1.04089999199
3909,0.832550048828,0.724250018597,-1.10379600525,0.0286636427045,-0.925050020218
9637,-0.30015000701,-0.752699971199,0.781768262386,-0.223865836859,2.57639980316
8518,0.669250011444,0.710000038147,0.702182292938,-0.398738563061,0.664900004864
6443,-0.974999964237,0.229149997234,2.12898445129,1.36711871624,1.16919994354
58478,0.627499997616,0.633100032806,2.11535024643,0.0691838040948,1.39730000496
4850,0.705900013447,-0.836849987507,-0.473481535912,0.851523220539,-0.0639500021935
23210,-1.36485004425,0.157650008798,0.668177306652,0.185253873467,1.28710007668
54733,-1.86279988289,0.340499997139,-3.14950251579,-0.796633243561,1.11245000362
55129,-0.399850010872,0.722150027752,-0.535702109337,-0.00959964096546,0.971499979496
10273,0.0,-0.0299500003457,0.23510158062,0.343456745148,0.0660000145435
572,0.218400001526,0.605800032616,0.663895487785,0.475438416004,-0.48630002141
5716,0.192500010133,-0.327700018883,0.0664585530758,-0.0396808981895,1.67484998703
22841,-0.146400004625,0.510300040245,0.629392743111,-0.368132442236,-0.0683999657631
2356,-0.497700035572,0.265150010586,0.623116314411,-0.143796473742,-0.613200008869
6050,-0.343249976635,-0.139200001955,-0.00707895774394,-0.0667960196733,-0.34224998951
64422,1.12549996376,1.04834997654,0.333127647638,0.323538124561,1.15534996986
8837,-0.360249996185,0.865750014782,2.19324612617,-0.097962282598,-0.24120002985
55127,-4.76964998245,0.0489999987185,-0.703950643539,-0.889840602875,1.83064997196
23335,-0.617150008678,-0.264649987221,-0.907925784588,-0.852963984013,1.89415001869
10270,1.88335001469,2.17604994774,1.12851941586,-0.153631657362,0.132400006056
6509,0.49849998951,-0.703849971294,0.694596409798,0.933280050755,4.73950004578
83743,-1.30360007286,0.194049999118,-4.4158987999,0.0887542366982,1.36860001087
6772,-0.362950026989,1.26850008965,0.730702936649,-0.822177529335,2.06029987335
22887,0.975300014019,-0.599099993706,0.72347676754,0.929398477077,0.75
51001,0.423200011253,-0.0270500183105,-1.14261639118,0.225235998631,-4.3533000946
26511,-1.06755006313,-0.943350017071,-4.63104867935,0.222597554326,0.158200010657
7874,-0.20814999938,-0.820399999619,0.162867680192,1.05054008961,1.53240001202
51070,-0.295949995518,-0.542750000954,1.0880856514,0.803905725479,0.416949987411
1738,0.0828499943018,-4.36794996262,1.02738797665,-1.09280979633,0.0902500003576
3416,0.403100013733,0.46724998951,0.464733570814,0.493150830269,0.416750013828
9128,0.301249980927,-2.45225000381,0.492903113365,0.0283299088478,0.195149987936
9833,0.337949961424,0.453999996185,1.55463254452,0.835594654083,0.392350018024
4088,0.816799998283,0.511250019073,-0.165822461247,0.702136993408,0.68909996748
5018,-0.536749958992,-2.60360002518,-0.993478775024,0.455035209656,0.38220000267
51375,-0.0704499930143,-2.05664992332,-1.21530199051,-0.410641759634,-0.259849995375
55038,-0.0819500088692,0.169799983501,-0.311763316393,1.42193758488,1.1059499979
23061,-0.408699989319,-0.436500012875,0.805561482906,0.22320497036,0.555450022221
64428,0.382650017738,0.80245000124,-0.89165776968,-0.468460708857,-1.2037498951
11325,-0.28045001626,-1.27230000496,0.596724033356,0.419156968594,1.57515001297
9641,0.253600001335,0.917900025845,-0.990438461304,-0.320696920156,-0.115600004792
23038,-0.743749976158,0.2431999892,-0.115805156529,0.825919806957,0.543099999428
57048,-0.353500008583,2.91319990158,-0.589120388031,-0.531171441078,0.543150007725
94239,0.36075001955,0.414349973202,0.106975182891,0.145429834723,0.70459997654
51203,0.960799992085,-2.15529990196,0.279448568821,-4.5584359169,-0.907249987125
388650,0.557099997997,0.313899993896,-1.19047558308,-1.18477392197,-1.40515005589
23039,-0.436049997807,-0.427799999714,0.502063274384,-0.419192969799,0.869850039482
55179,0.172250002623,-0.270200014114,-1.00584852695,-0.262986123562,-0.219050005078
5827,-1.52570009232,0.108450002968,0.26275703311,0.459267497063,0.288650035858
10245,-0.347350001335,-0.0367500036955,-0.230085194111,0.333275228739,0.583750009537
6813,1.19635009766,-1.36315000057,0.655936658382,1.06150245667,1.18920004368
3251,0.107699990273,-1.3654999733,0.666842103004,-0.342115104198,-1.20889997482
23212,-0.0708000063896,-0.908500015736,0.749953389168,0.680467128754,1.29425001144
23536,-0.283199995756,0.205099999905,-0.347567915916,-0.501056015491,-2.6006000042
51282,-0.685400009155,0.384749978781,1.15964722633,1.62574577332,0.131600007415
10227,-1.72690010071,-1.2242500782,0.0421686992049,0.717479348183,0.761849999428
50813,-0.713899970055,0.638849973679,1.37404465675,0.95453441143,1.45114994049
51024,0.12064999342,-0.600050032139,0.502256035805,-0.429678678513,-0.384050011635
53343,-0.351350009441,-0.512950003147,-0.996888041496,0.941001415253,-0.708000004292
1465,-2.2594499588,-0.886299967766,0.930022239685,-0.409100592136,0.628500044346
79006,-0.111050009727,-0.0111000090837,0.105113737285,0.433614909649,-0.126749992371
6988,0.0122999995947,0.537249982357,1.15287697315,-0.491596519947,0.845200002193
11011,0.564949989319,0.131850004196,-1.91983103752,1.27275049686,-0.623549997807
23325,0.0688500031829,-0.20814999938,0.414733588696,0.221278741956,-0.263050019741
10049,-0.556200027466,0.573700010777,-1.52975344658,-0.169016510248,-0.830500006676
3157,-1.00029993057,-0.285050034523,0.0489889383316,0.664582371712,0.39564999938
200734,0.652899980545,0.99145001173,-0.66445684433,-0.784636974335,-0.00214999914169
9053,0.660449981689,0.0248000025749,0.187003359199,-0.9199436903,0.563050031662
79094,-0.90674996376,2.25760006905,0.00395647995174,0.470276355743,-0.850399971008
2778,0.418850004673,-5.05499982834,0.377716213465,-0.324854016304,-2.81369996071
54881,0.54984998703,1.31490004063,0.311577320099,0.176238358021,0.149599999189
54807,-0.269499987364,-0.763949990273,0.482500821352,0.118074066937,-1.31309998035
323,0.390299975872,0.772650003433,0.441828250885,0.0470917597413,-0.254449993372
26001,1.04065001011,-0.0744999945164,0.0505093932152,1.42257499695,-0.252550005913
10190,-0.745299994946,0.122050009668,0.163594856858,-0.38012060523,0.178799986839
9686,-1.24265003204,0.690149962902,1.6199272871,1.09131002426,2.21195006371
54915,0.0568500012159,2.05779981613,0.20699647069,0.0784932374954,0.477900028229
23658,-0.0429500043392,-0.5257999897,0.591411113739,1.12970125675,0.694149971008
7750,0.713199973106,0.135949999094,0.76809990406,0.925999641418,0.794649958611
79643,-0.0232499912381,0.27374997735,0.299713641405,1.31620836258,-0.291799992323
9488,-0.0487999916077,0.263049989939,0.315861970186,-0.880910933018,-0.236050009727
11200,0.0764999985695,-0.17325001955,0.667391955853,0.155467391014,1.05155003071
65057,0.148300021887,-0.0680999979377,-0.616302907467,-0.538437843323,-1.84305000305
6832,0.244349986315,0.350100010633,-0.321976214647,-0.601264774799,-0.0586999952793
23131,0.0654500052333,-0.112000018358,0.282872080803,0.358871459961,1.37870001793
10776,-5.49884986877,-0.206550002098,1.01859748363,-2.45699119568,0.921050012112
6253,2.26814985275,-1.29639995098,-0.789780139923,-0.181424602866,0.103549957275
79716,0.495800018311,0.636000037193,-4.15373802185,1.23525047302,-1.06494998932
29978,-0.673150002956,1.30800008774,0.026798196137,0.0209895912558,-0.87215000391
9988,-0.850350022316,0.230700016022,-0.777013719082,-0.22721926868,0.49715000391
10845,0.0239999890327,2.26684999466,0.328084945679,0.0240529514849,0.582899987698
54957,0.552150011063,0.116999991238,0.417821347713,-0.496980547905,0.058050006628
79170,0.458350002766,-0.318750023842,0.752279043198,-0.98176753521,-0.831550002098
10610,0.653349995613,-0.187350004911,-0.182894170284,-0.416872322559,-0.989149987698
128,-0.679300010204,-0.449499994516,-0.495226830244,-0.466485619545,-0.227700009942
51026,0.274900019169,-0.727200031281,1.22103857994,-1.03618717194,0.779200017452
5498,0.253900021315,-0.344199985266,-0.894827365875,-0.286701440811,-0.896849989891
124583,0.325450003147,-0.194299995899,0.331973135471,0.472800403833,0.348200023174
9455,0.390100002289,0.64409995079,-0.406630635262,0.93110626936,-0.0291499942541
1212,0.222849994898,0.0127499997616,-0.958664655685,-0.611665546894,-1.49884998798
5255,0.749049961567,-0.740350008011,-0.992040455341,0.328573048115,-3.88515019417
9448,-1.43825006485,-0.263950020075,-1.0558795929,0.0184719264507,0.475549966097
9924,0.242800012231,0.904299974442,1.38774859905,-0.744845330715,0.267599999905
5480,0.453200012445,1.05355000496,1.85262072086,0.465593367815,0.25514999032
1983,-2.41754984856,-1.74009990692,-0.0161689538509,1.4363732338,0.200450003147
56889,0.0539000034332,-0.585299968719,-0.130300715566,-1.20817708969,-0.68599998951
79080,-0.476800024509,0.756900012493,-4.84165859222,-0.287932574749,0.443000018597
9016,2.83369994164,-0.477999985218,1.50091946125e-05,0.210583120584,-0.607400000095
6915,0.275100022554,-0.776349961758,-0.453821033239,-0.82367002964,-0.58544999361
9709,-0.191400006413,1.79519987106,0.217070907354,-0.0786844864488,0.344449996948
116832,0.766999959946,-0.142749994993,1.75995707512,2.95391941071,0.328450024128
670,1.33854997158,0.838500022888,-5.26460981369,-1.46708226204,-0.996150016785
7867,-0.261250019073,-0.190449997783,-0.1641779989,-0.0611346662045,0.085250005126
79143,-0.0607000030577,0.334550023079,2.12755560875,-1.16557097435,0.253199994564
11284,0.0714499950409,0.209199994802,0.3927488029,1.35134720802,0.111400008202
23443,0.082800000906,1.2881000042,-0.292621672153,0.484565317631,0.606449961662
51599,0.0169500000775,-0.737900018692,-0.508024513721,-0.512723386288,-0.154850006104
5927,-0.856450021267,-0.511749982834,0.664265394211,1.10308969021,0.0124000012875
55793,-0.148149996996,0.493149995804,1.06263267994,0.348808765411,0.163100004196
5867,-1.32819998264,-0.673149943352,1.40922355652,0.290464252234,1.05375003815
7866,0.0575000047684,-0.0306999981403,1.53090262413,-1.06934666634,-3.72704982758
25825,0.983299970627,-0.243450015783,0.493410140276,0.257454544306,0.855599999428
4067,-0.442750006914,2.10584998131,0.619431197643,-0.484534084797,-0.174700021744
51015,-0.461750000715,-0.755750000477,-0.139807879925,0.977537751198,-0.70140004158
5891,1.45164990425,-0.0674999952316,-0.541339755058,-0.758781433105,0.94990003109
3300,0.663749992847,-0.405049979687,-0.13890171051,-0.806869506836,1.62450003624
64781,0.885150015354,-0.0754999965429,-1.03054797649,-0.910887002945,0.102150000632
51056,0.415749996901,-0.727200031281,0.245315939188,-0.23106059432,-0.432349979877
8550,0.902000010014,2.35154986382,-0.277700960636,1.43594694138,-0.618550002575
50810,-0.229750037193,-0.46255004406,-0.619677007198,-1.18186581135,1.11320006847
23011,0.399700015783,-0.291150003672,-0.346035331488,0.0231338441372,-0.00249999761581
11168,0.270999997854,-0.174799993634,0.302185237408,0.653758406639,-0.0364000014961
1385,0.252750009298,0.113249994814,-1.5392717123,-0.434874981642,-0.198550000787
10150,0.0358999967575,0.620799958706,-0.160281434655,-0.321112006903,-0.611500024796
29763,0.60790002346,-0.259350001812,-0.495003670454,1.10648703575,-0.224099993706
9112,-0.511950016022,0.200100004673,0.654091000557,3.41768836975,-0.682099997997
23499,0.392250001431,0.462400019169,-0.570721805096,1.42146229744,0.233900010586
85236,0.0241000019014,0.985149979591,-0.326691448689,-0.279818475246,0.574899971485
5096,0.628350019455,0.718699991703,-0.224098294973,0.148263901472,-2.51270008087
55620,-0.338599979877,-0.15340000391,0.673263907433,-0.629139840603,-0.495599985123
5373,2.56709980965,-0.155900001526,-0.658281683922,-4.56058692932,-1.82749998569
51170,0.193149983883,0.617949962616,0.799648165703,-1.78434514999,-0.398999989033
54850,-0.0726000070572,-0.0746999904513,0.215749397874,-0.671205639839,-0.688400030136
80349,-0.526950001717,0.203400015831,0.533209085464,-0.175550162792,-0.118300005794
355,-0.377400010824,1.24979996681,1.71528327465,-0.253171205521,-0.427749991417
1062,1.15320003033,0.622949957848,1.85845935345,-0.47606241703,-0.797999978065
8804,0.0703999996185,0.674899995327,0.628420710564,-0.194391056895,-0.24430000782
80758,-0.362700015306,0.579349994659,1.01586413383,-3.18155002594,-3.21414995193
375346,0.834850013256,0.536849975586,-0.271982640028,-0.445017516613,-0.845849990845
51385,0.139600008726,-0.00640001893044,0.00567573029548,-1.22269940376,0.0324000120163
55748,0.708150029182,-2.55980014801,0.409300744534,0.482304871082,0.669499993324
10318,0.155149996281,-0.464599996805,0.258152663708,-3.79316735268,0.901650011539
54681,-0.0558499991894,0.877550005913,-0.105792596936,-0.958292722702,-0.468100011349
7905,0.542800009251,0.792349994183,-0.275179892778,-1.70186054707,-0.433950006962
28969,-0.211649999022,-0.0804499983788,-0.156294077635,0.436266988516,-0.256449997425
10668,0.744400024414,1.44130003452,0.0813645422459,-0.884169518948,0.321150004864
51005,-0.982100009918,0.801200032234,0.562036216259,0.238191872835,-0.15285000205
8800,1.09560000896,-0.227999985218,0.245542556047,0.739674806595,-3.86740016937
54438,0.239549994469,-0.162250041962,-0.486388862133,0.274954169989,1.95980000496
55825,-0.87760001421,-0.384550005198,0.44904306531,1.27688121796,0.560599982738
8835,1.51440000534,0.300700008869,-0.622070491314,0.356788575649,0.611299991608
64429,0.906050026417,0.310299992561,-0.383328199387,0.293130725622,-0.235650002956
3682,-0.0382499992847,0.403549998999,0.485328197479,0.0560181438923,-0.100549995899
10329,0.409350037575,-0.155799999833,1.23876929283,0.415891051292,0.304600030184
27109,0.27500000596,1.04414999485,2.76393294334,1.66622102261,0.250800013542
51335,-0.183049991727,1.15284991264,0.307660460472,-2.77805233002,0.283050000668
3202,-1.21974992752,-0.424499988556,0.0125440694392,1.24246907234,0.965399980545
2896,-0.160850018263,-0.244499981403,0.455954730511,0.594335854053,-2.17185020447
79902,-0.0975500047207,1.34599995613,0.270787596703,0.196530103683,0.503000020981
29083,-0.401749998331,-0.332500010729,0.388377934694,-1.07050013542,-0.0694500207901
5747,0.535499989986,0.716799974442,0.179024249315,1.93295645714,-1.50040006638
22905,0.323549985886,-0.910400032997,0.697525799274,-0.808325231075,3.80674982071
63933,-0.141949981451,0.0632999837399,1.083365798,1.20482730865,-0.410349994898
9847,-1.31929993629,0.481549978256,0.996496558189,1.63383972645,0.968349993229
51021,-1.35774993896,0.190549999475,0.966684877872,-0.343964934349,1.23035001755
8996,0.24414999783,0.464550018311,-0.196570962667,0.679488420486,3.16690015793
7376,1.07244992256,0.700800001621,-0.776949644089,1.09167170525,-0.0649000033736
5357,0.200800001621,1.05610001087,0.528896927834,-0.228764474392,-4.77244997025
56940,-0.142749994993,-0.0588999912143,0.0878074541688,0.123149394989,3.64335012436
6195,-1.08475005627,-0.965250015259,0.489873051643,1.40075516701,0.384900003672
1633,0.282949984074,-0.23244997859,1.36531746387,0.139282435179,-0.941349983215
23321,2.76259994507,-0.645300030708,0.352427124977,-0.284636169672,-0.101950004697
51160,-0.199949994683,0.511100053787,-0.369095236063,0.0590533316135,-0.246150016785
55604,-0.0694999992847,2.64919996262,-0.811715424061,1.2263661623,-0.241650000215
2063,0.303299993277,-0.145199999213,0.0466649979353,0.09534740448,-0.333899974823
54512,-0.842350006104,0.602800011635,0.646967828274,0.763208508492,0.100599996746
9124,-0.795050024986,-0.0553000122309,0.552654862404,0.174405619502,0.657649993896
79174,0.725250005722,-0.381900012493,-0.132739305496,1.55797886848,-1.08619999886
23223,-2.85985016823,0.490850001574,-1.58300459385,0.23416826129,0.777800023556
39,1.57299995422,-0.334800004959,-0.24221585691,-0.252161175013,-0.228049993515
57215,0.0342999994755,0.471300005913,-0.942207336426,-3.41082453728,0.728599965572
1052,0.277750015259,-0.680249989033,-0.86320322752,-0.93135279417,-0.880399942398
23139,-0.282700002193,0.342399984598,-1.50854229927,0.0816216170788,-0.526000022888
79947,-0.853150010109,-0.00839999318123,-0.256467312574,-0.511989593506,-0.0250000059605
4616,-1.56644999981,0.213950008154,-0.362468451262,-1.44170606136,-0.151600018144
9710,0.17144998908,-0.173350006342,1.26191329956,0.41137444973,-1.03184998035
6990,-0.127550005913,-0.26810002327,0.63575720787,0.266158640385,0.519349992275
29082,0.588850021362,-1.11854994297,0.860127091408,0.33489921689,0.175899997354
9670,0.323300004005,0.371050000191,-0.0444854572415,-0.439947992563,-0.81375002861
81533,-0.0184500217438,-1.29850006104,-2.9258351326,-0.159943431616,-2.0787498951
10525,-0.292599976063,-0.329449981451,-1.44962656498,0.00719159841537,-1.22525000572
2353,0.822250008583,0.219050049782,0.136418163776,-0.872625529766,-0.228199988604
57192,0.847900032997,0.436349987984,0.165871143341,0.445741266012,1.32105004787
3398,-0.450199961662,-0.0300999991596,1.39771926403,1.25709724426,-1.51999998093
3775,-0.137199997902,-0.325450003147,0.232292830944,-0.181022778153,0.283299982548
26064,1.66570007801,0.900649964809,-0.122777283192,-1.28356182575,-1.56975007057
29103,0.785199999809,-0.637849986553,0.752821624279,0.798082470894,0.424349993467
3206,0.416499972343,0.509649991989,0.666086733341,-1.25801205635,0.110550001264
1500,-2.27825021744,-3.7921500206,-1.63905513287,-1.07247066498,-0.837249994278
7690,-0.70165002346,0.303449988365,0.907320857048,-1.06361055374,-0.0382999926805
29911,-0.0545000135899,-1.82104992867,0.20795866847,2.13687539101,0.90055000782
2064,1.65909993649,0.844200015068,0.723960697651,-1.44421029091,0.266649961472
65123,-0.325899988413,0.199900001287,-0.226573139429,-0.770646333694,1.63269996643
5986,1.20019996166,0.172650009394,0.203645408154,-1.42931199074,1.57985007763
85377,1.18355000019,-0.206249982119,0.699728369713,0.96927523613,0.807249963284
9903,-0.384749978781,0.0325500071049,-0.259544640779,-0.247929513454,2.22230005264
7088,-0.352150022984,-1.71974992752,1.05501484871,0.621920406818,1.67495000362
22796,-1.1154999733,-4.44929981232,0.367316186428,-1.67235302925,0.0760499835014
51116,1.4647500515,-0.175700008869,-0.535944581032,0.189613461494,0.266349971294
54442,-0.65909999609,0.429449975491,-0.372844308615,0.383825421333,0.261250019073
10695,0.425200015306,1.44324994087,0.261125445366,0.77813231945,-0.269400000572
102,-0.677150011063,-0.563099980354,-0.0406215935946,0.422217190266,-0.23480001092
965,1.70335006714,0.543449997902,0.712565600872,-0.310077488422,0.878899991512
3800,0.174199998379,-0.386799991131,-0.299339950085,-0.257250487804,-0.178850010037
10362,-5.26620006561,0.461800009012,0.296574115753,0.825684189796,0.0409999936819
5300,0.0340000018477,0.737550020218,-0.562220990658,0.218313366175,-0.00660000741482
8270,-0.45300000906,1.68680000305,0.792463898659,0.619294285774,1.06515002251
27242,0.846899986267,0.953549981117,-0.148827403784,-0.84629881382,-0.437449991703
9928,0.368400007486,0.0852999985218,-0.92956829071,0.45376086235,1.95425009727
1534,-0.309949994087,0.644400000572,-0.106426954269,0.450523346663,1.7202000618
5654,1.17599999905,-0.89610004425,-0.265197455883,-1.71893024445,-0.210349991918
10810,0.868499994278,-1.08724999428,0.228328019381,0.245082437992,-0.699599981308
7105,0.0319000184536,0.893099963665,-0.244963526726,-0.168259963393,0.0817999988794
23014,0.184850007296,-0.361349999905,-0.92136567831,-0.166729673743,-0.282800018787
55012,0.748350024223,-0.158749997616,0.147085085511,0.186544775963,-0.787500023842
2887,0.450950026512,1.56505000591,-0.92766648531,-0.925253510475,0.389349997044
9183,-0.0970499962568,-0.171049997211,-1.13455426693,0.357413649559,-0.751600027084
11151,0.402800023556,-0.436699986458,-2.02882146835,-1.11654567719,-0.407550007105
7511,0.712849974632,0.352600008249,-0.159656375647,0.241286382079,0.0467500016093
10046,0.990999996662,-3.73600006104,-0.387805223465,-0.171040475368,-0.220749974251
1829,0.107050001621,-0.405400007963,-1.27180552483,0.0918637812138,-1.13665008545
11000,0.543399989605,0.0209499895573,0.621537148952,-5.60234642029,-0.380850017071
976,0.43909996748,-1.76434993744,-0.140996158123,-0.107409358025,2.50255012512
3597,0.262350022793,-0.193649992347,-0.451511144638,0.224497511983,-1.23804998398
178,1.01660001278,0.544350028038,-0.503881752491,-0.782693982124,-0.659900009632
2625,-0.113299995661,0.31274998188,-0.148194223642,0.520178377628,-0.885850012302
6119,0.819850087166,-0.366800010204,0.193558320403,0.444432795048,1.26224994659
26136,0.148699998856,0.287550002337,-0.363182663918,-0.557397246361,-0.488900005817
6697,1.42369997501,-2.62844991684,0.376044154167,0.631291985512,0.484999984503
5971,-0.681749999523,0.304350018501,-0.113605998456,-0.214838594198,-0.651799976826
22934,-0.630100011826,1.13409996033,0.84437328577,0.61527723074,-1.8015499115
9289,-0.434850007296,1.50325000286,-0.137238442898,-0.411268979311,-0.882499992847
4931,0.15395000577,1.58004999161,-1.79089176655,-1.02252447605,-1.34665000439
4200,-0.856999993324,-0.33520001173,-0.212178781629,0.134710669518,-0.281699985266
93594,1.19609999657,-1.12644994259,-1.15031981468,0.834015727043,0.0283999964595
5982,-1.21749997139,1.17925000191,0.332875669003,0.671275138855,0.887799978256
26520,-0.377000004053,-0.662150025368,0.585647344589,0.105094574392,-0.00065000000177
4998,1.98580002785,-0.025150001049,-0.525086760521,-0.518598496914,-0.328999996185
10038,-0.906049966812,-1.09949994087,0.924862325191,0.776112437248,0.0576999932528
60493,0.532000005245,0.56920003891,1.09542286396,0.578386366367,0.160050004721
51495,-0.809300005436,-4.52995014191,0.0774449557066,-0.322448134422,-1.78434991837
4482,1.6304500103,1.3545498848,-0.243764251471,0.0379435345531,0.36574998498
23224,4.05334997177,-0.458099991083,-0.169214054942,0.98352509737,-0.780599951744
9690,1.25314998627,0.450250029564,0.360788583755,-1.08022451401,0.121199995279
80212,-1.1901999712,0.629549980164,0.671799242496,-1.46683144569,-0.182249993086
29928,2.35995006561,-0.0192500054836,0.434340715408,-0.857743859291,0.181299999356
22809,0.103599995375,-5.59840011597,0.981337547302,0.932918488979,0.225949972868
50814,0.138850003481,0.460799992085,0.105090998113,-0.164728999138,-0.870849967003
55256,-4.91839981079,0.811349987984,0.798242986202,-0.389545768499,0.402800023556
56997,-0.331350028515,1.17334997654,0.184465229511,1.08006775379,0.821749985218
81544,0.280649960041,1.59420001507,-0.88486045599,-0.393490195274,-0.0330500006676
6894,-1.33369994164,0.266399979591,0.249741733074,-0.0402426123619,0.164999991655
64080,-0.503300011158,0.0154000520706,1.46271622181,-0.0105974636972,-0.459899991751
55818,0.472200006247,-0.703149974346,-0.472445309162,0.429396957159,0.335000008345
637,0.586299955845,0.0871500074863,-0.802401065826,-0.895030558109,-0.240649998188
22823,-0.681699991226,0.662400007248,-0.60735142231,0.369916200638,-0.0769499987364
5287,-2.87195014954,0.344599992037,-0.446323275566,0.00270476937294,0.212800011039
91137,1.0054500103,0.0762999951839,1.098970294,-0.206456407905,0.769100010395
23097,-0.0664000064135,0.231449991465,0.798400759697,0.646190106869,-1.77970004082
9851,-1.42954993248,0.492799937725,1.18015217781,0.849417448044,-0.801900029182
23522,-0.189850002527,2.13035011292,0.146634489298,1.62352967262,0.880749940872
1123,-0.318599998951,2.74184989929,0.529562711716,-0.356591582298,0.184550017118
5603,-0.140149995685,0.687449991703,1.07535052299,-1.21757698059,-0.0474999845028
51569,1.59874999523,-0.287599980831,0.682749092579,-0.0134811550379,0.961349964142
55699,0.630599975586,0.0680999755859,0.219514384866,0.5333365798,-0.912050008774
2624,0.198349997401,0.387749999762,0.448032110929,0.608034133911,0.835399985313
8204,0.96154999733,0.331050008535,0.176594942808,-1.52101051807,0.512750029564
9133,0.400049984455,-0.571850001812,-0.38574001193,0.315873384476,-0.0743499994278
10921,1.03585004807,-0.0741500034928,0.70984005928,-0.332188606262,0.534649968147
51742,0.842649996281,0.660549998283,0.063045784831,-2.23283410072,0.342049986124
2954,-0.856599986553,2.85194993019,-0.299684286118,-0.569135904312,1.90560007095
27244,0.274999976158,-0.414699971676,-0.163877800107,0.885655581951,-1.05204999447
23013,0.378849983215,-0.486450016499,-0.474282920361,0.825441539288,-0.638200044632
8050,-0.141099989414,-0.121050000191,-1.04496145248,-1.6149790287,-0.191049993038
79961,3.65794992447,0.289299994707,0.35998749733,0.166084438562,-1.07039999962
2017,0.191550001502,-0.402150005102,0.153414845467,0.120676450431,-0.815750002861
55148,-0.226550012827,-0.349150002003,-0.377107262611,-0.169456899166,1.07114994526
960,1.44770002365,0.664449989796,-0.908292233944,-2.17581582069,0.572449982166
10451,-0.906800031662,0.4958999753,0.429959595203,-0.0156575888395,0.384900003672
57406,1.59965002537,-0.266400009394,0.0610742010176,-0.773319840431,-0.306349992752
51719,-0.683250010014,0.633049964905,-0.0221617761999,-0.118103206158,0.138749986887
7074,1.21720004082,4.68720006943,0.100588813424,1.46820783615,0.123199999332
10059,0.61495000124,-0.471399992704,0.286698758602,0.374098002911,-0.577350020409
51071,-1.20474994183,-0.847699999809,-0.0507769882679,-0.969088435173,0.952799975872
5796,0.160150006413,0.827350020409,-1.68996953964,-4.81610536575,-1.46809995174
55008,-0.400499999523,-0.731199979782,0.0731592178345,1.07707893848,-0.919250011444
23597,-0.358300000429,-2.45510005951,-0.187492519617,0.75155800581,-3.70875000954
8869,-0.0693500041962,0.641000032425,-0.546704649925,-0.120036199689,-0.767400026321
8727,-0.973249971867,0.876350045204,0.167440131307,0.427074253559,-0.107500001788
63874,-0.841800034046,0.0936499834061,-0.333265274763,-0.121544450521,2.6452999115
8821,0.952649950981,-0.0545499920845,-0.391160368919,0.246451169252,1.0420999527
57178,1.72464990616,0.281949996948,-0.642980337143,0.255524992943,2.80325007439
5468,0.430849999189,-1.69665002823,0.832147240639,-0.194469943643,0.268400013447
10557,-0.426900029182,0.139249995351,0.515738248825,0.549114644527,-0.724149942398
831,-1.42930006981,-0.0508499965072,-1.07235789299,-0.539886176586,-0.674000024796
9531,0.172200024128,0.596300005913,0.817963957787,1.07034468651,0.77530002594
2767,-0.408800005913,-0.439750015736,-0.304625481367,-0.368715494871,0.593150019646
1861,0.686049938202,0.0719999969006,0.261146992445,-2.0361032486,-0.294600009918
10165,-0.297849982977,-0.107299998403,-0.305237025023,1.11844038963,0.878399968147
7106,-1.82280004025,-0.611949980259,0.573334813118,0.633141815662,0.37839999795
2908,0.310599982738,-0.506050050259,-0.8331553936,-1.3589553833,-0.455999970436
57761,0.622449994087,0.044050000608,-0.622832834721,0.361142754555,-1.71829998493
23338,-0.698949992657,-0.425000011921,-0.31621748209,0.228234112263,1.80124998093
7852,0.907099962234,0.287550002337,-0.882815957069,-0.665262103081,-0.83085000515
55033,0.184750020504,-1.1115000248,0.525635778904,0.424279630184,0.10490000248
57019,1.06494998932,-1.09014999866,0.182949602604,0.756018102169,0.451950013638
91949,-1.10045003891,-0.612049996853,0.340312004089,-0.896344959736,-0.242650002241
84617,0.658999979496,-0.0903000086546,-0.240808367729,0.558513700962,-0.522849977016
25,1.78585004807,-0.0327499955893,1.64084124565,-2.22657489777,1.3002499342
899,0.584349989891,-0.479050010443,0.40083950758,0.332753360271,-0.487150013447
79850,-0.353149980307,-0.546549975872,1.01399457455,0.0732431560755,0.143550038338
51466,1.90265011787,-0.293550014496,0.319470643997,1.1860717535,0.964949965477
2852,1.31765007973,0.0491999983788,-0.539269626141,-0.306847453117,0.19034999609
55837,0.172049999237,-0.915849983692,1.26834142208,0.49370187521,-0.415250003338
2131,0.260199993849,-0.611599981785,-0.321176588535,-0.0742733329535,-0.339349985123
5427,0.282449990511,-0.174550011754,0.707681179047,0.812171518803,-0.466549992561
25966,1.15789997578,1.38695001602,0.263594776392,0.762741863728,0.39595001936
55608,0.0925500020385,-0.110550001264,-0.337697565556,0.442739278078,-0.402499973774
1662,-0.477350026369,0.996249973774,0.304965317249,0.197291970253,-0.294200003147
9702,-0.962000012398,1.54980003834,-0.210281282663,-0.0930517017841,-0.613650023937
11031,0.852650046349,-0.501550018787,-0.508687436581,0.642595052719,-1.42554998398
10057,3.92194986343,0.320300012827,-0.683391034603,-0.215131193399,-0.100349992514
5985,2.51950001717,-0.720650017262,-1.36115586758,-0.804259836674,-0.33520001173
3280,0.0494499802589,0.214800000191,0.254881024361,-0.0292260572314,0.925899982452
55958,1.06849992275,1.6060000658,-0.460545778275,-0.110610932112,-0.441250026226
51465,0.160899996758,1.6984000206,-0.245658650994,-0.78712272644,-0.328900009394
2542,0.337000012398,0.544100046158,0.580256521702,-0.51028740406,1.07929992676
10641,0.811650037766,-0.121749997139,0.424873769283,-1.0053845644,-0.648849964142
11137,0.118050001562,0.182950019836,-0.741323471069,-1.06670117378,0.212449997663
9842,1.36500000954,-0.550000011921,-0.580702185631,-0.674565911293,-0.122750014067
10493,-0.773399949074,-0.12064999342,0.0548752583563,1.53776168823,1.30904996395
10112,-0.53719997406,1.68724989891,-0.919545292854,0.888919830322,0.0805499926209
1001,0.597900032997,1.09440004826,-0.557412624359,-0.0943578332663,-4.43209981918
23635,0.506900012493,-0.0206000003964,-1.00148713589,-0.335459798574,-0.840600013733
29916,-0.765599966049,-0.572099983692,0.625256717205,-0.745789706707,-0.0893999934196
2810,-0.152000010014,-0.321500003338,1.17174637318,-0.176817551255,0.120050013065
5993,-0.116949975491,-0.61519998312,1.15447247028,0.875094056129,0.133499994874
11142,0.115599997342,2.41849994659,-0.0500021129847,-0.469955891371,-0.544849991798
79187,-0.786100029945,0.0451499968767,-0.564855754375,0.253537923098,-1.75094997883
51382,-0.721400022507,-0.0709999799728,0.814272284508,-1.85371291637,0.705799996853
8318,1.43175005913,-0.742399990559,-4.2780547142,-0.46155577898,-3.34700012207
9695,0.707799971104,0.16685000062,-0.68556189537,-0.546648263931,-0.57104998827
9712,0.788349986076,2.95389986038,-0.552173137665,-0.338436722755,0.457299977541
64943,0.743550002575,-0.321200013161,-0.481617808342,0.274820536375,-1.07249999046
9738,0.468699932098,-1.07700002193,0.240129843354,0.0958808660507,-0.614849984646
6793,3.12220001221,0.0509999990463,-0.921059012413,-0.385968625546,0.54255002737
7358,0.471200019121,0.0420500040054,-1.01589798927,1.07270908356,-1.29670000076
58472,0.256199985743,-0.911900043488,0.745476901531,0.252730846405,-0.881249964237
50865,-0.0430999994278,-0.243200004101,1.59708273411,-0.725054740906,-0.344000011683
23200,1.58445000648,-0.366650015116,-1.02070963383,-0.184896290302,-0.0643000006676
51293,-0.618450045586,-0.23694999516,-0.701072752476,0.87280857563,0.211000010371
10962,0.444749981165,-0.43694999814,0.258117884398,1.93013978004,0.640249967575
10153,-0.126149997115,0.483750015497,0.621955633163,0.998984515667,-1.10685002804
874,-0.248199999332,1.06974995136,2.12194633484,0.606674194336,0.81274998188
